initial_population = [
  [
    -6.792092999999998e-21,
    0.6862506090880603,
    -5.9166589438e-13,
    1.9603301113000004e-11,
    -2.735729313569999e-10,
    -2.799087523857001e-16,
    1.070238466e-15,
    1.0594323926403943e-05,
    -3.8227654992999996e-07,
    -2.518135506e-08,
    5.473926306e-10
  ],
  [
    -6.792092999999998e-21,
    0.7625006767645115,
    -5.9166589438e-13,
    1.9603301113000004e-11,
    -2.735729313569999e-10,
    -2.799087523857001e-16,
    1.070238466e-15,
    1.0594323926403943e-05,
    -3.8227654992999996e-07,
    -2.518135506e-08,
    5.473926306e-10
  ],
  [
    -5.051969999999998e-21,
    0.7625006767645115,
    -5.324993049420001e-13,
    1.9603301113000004e-11,
    -2.735729313569999e-10,
    -2.799087523857001e-16,
    9.632146194e-16,
    1.0594323926403943e-05,
    -3.4404889493699994e-07,
    -2.518135506e-08,
    5.473926306e-10
  ],
  [
    -5.051969999999998e-21,
    0.7625006767645115,
    -5.9166589438e-13,
    1.9603301113000004e-11,
    -2.735729313569999e-10,
    -2.799087523857001e-16,
    9.632146194e-16,
    1.0594323926403943e-05,
    -3.8227654992999996e-07,
    -2.518135506e-08,
    5.473926306e-10
  ],
  [
    -6.792092999999998e-21,
    0.7625006767645115,
    -5.9166589438e-13,
    1.9603301113000004e-11,
    -2.735729313569999e-10,
    -2.799087523857001e-16,
    1.070238466e-15,
    1.0594323926403943e-05,
    -3.8227654992999996e-07,
    -2.518135506e-08,
    5.473926306e-10
  ],
  [
    -6.792092999999998e-21,
    0.7625006767645115,
    -5.9166589438e-13,
    1.9603301113000004e-11,
    -2.735729313569999e-10,
    -2.799087523857001e-16,
    1.070238466e-15,
    1.0594323926403943e-05,
    -3.8227654992999996e-07,
    -2.518135506e-08,
    5.473926306e-10
  ],
  [
    -5.051969999999998e-21,
    0.7625006767645115,
    -5.9166589438e-13,
    1.9603301113000004e-11,
    -2.735729313569999e-10,
    -2.799087523857001e-16,
    9.632146194e-16,
    1.0594323926403943e-05,
    -3.8227654992999996e-07,
    -2.518135506e-08,
    4.926533675400001e-10
  ],
  [
    -5.051969999999998e-21,
    0.7625006767645115,
    -5.9166589438e-13,
    1.9603301113000004e-11,
    -2.735729313569999e-10,
    -2.799087523857001e-16,
    9.632146194e-16,
    1.0594323926403943e-05,
    -3.8227654992999996e-07,
    -2.518135506e-08,
    5.473926306e-10
  ],
  [
    -6.792092999999998e-21,
    0.7625006767645115,
    -5.9166589438e-13,
    1.9603301113000004e-11,
    -2.462156382212999e-10,
    -2.799087523857001e-16,
    9.632146194e-16,
    1.0594323926403943e-05,
    -3.8227654992999996e-07,
    -2.518135506e-08,
    5.473926306e-10
  ],
  [
    -6.792092999999998e-21,
    0.7625006767645115,
    -5.9166589438e-13,
    1.9603301113000004e-11,
    -2.735729313569999e-10,
    -2.799087523857001e-16,
    1.070238466e-15,
    1.0594323926403943e-05,
    -3.8227654992999996e-07,
    -2.518135506e-08,
    5.473926306e-10
  ]
]

selected_population = [
  [
    [
      -6.792092999999998e-21,
      0.7625006767645115,
      -5.9166589438e-13,
      1.9603301113000004e-11,
      -2.735729313569999e-10,
      -2.799087523857001e-16,
      1.070238466e-15,
      1.0594323926403943e-05,
      -3.8227654992999996e-07,
      -2.518135506e-08,
      5.473926306e-10
    ],
    [
      -6.792092999999998e-21,
      0.7625006767645115,
      -5.9166589438e-13,
      1.9603301113000004e-11,
      -2.735729313569999e-10,
      -2.799087523857001e-16,
      1.070238466e-15,
      1.0594323926403943e-05,
      -3.8227654992999996e-07,
      -2.518135506e-08,
      5.473926306e-10
    ]
  ],
  [
    [
      -6.792092999999998e-21,
      0.7625006767645115,
      -5.9166589438e-13,
      1.9603301113000004e-11,
      -2.735729313569999e-10,
      -2.799087523857001e-16,
      1.070238466e-15,
      1.0594323926403943e-05,
      -3.8227654992999996e-07,
      -2.518135506e-08,
      5.473926306e-10
    ],
    [
      -5.051969999999998e-21,
      0.7625006767645115,
      -5.9166589438e-13,
      1.9603301113000004e-11,
      -2.735729313569999e-10,
      -2.799087523857001e-16,
      9.632146194e-16,
      1.0594323926403943e-05,
      -3.8227654992999996e-07,
      -2.518135506e-08,
      5.473926306e-10
    ]
  ],
  [
    [
      -6.792092999999998e-21,
      0.7625006767645115,
      -5.9166589438e-13,
      1.9603301113000004e-11,
      -2.735729313569999e-10,
      -2.799087523857001e-16,
      1.070238466e-15,
      1.0594323926403943e-05,
      -3.8227654992999996e-07,
      -2.518135506e-08,
      5.473926306e-10
    ],
    [
      -6.792092999999998e-21,
      0.7625006767645115,
      -5.9166589438e-13,
      1.9603301113000004e-11,
      -2.735729313569999e-10,
      -2.799087523857001e-16,
      1.070238466e-15,
      1.0594323926403943e-05,
      -3.8227654992999996e-07,
      -2.518135506e-08,
      5.473926306e-10
    ]
  ],
  [
    [
      -6.792092999999998e-21,
      0.7625006767645115,
      -5.9166589438e-13,
      1.9603301113000004e-11,
      -2.735729313569999e-10,
      -2.799087523857001e-16,
      1.070238466e-15,
      1.0594323926403943e-05,
      -3.8227654992999996e-07,
      -2.518135506e-08,
      5.473926306e-10
    ],
    [
      -5.051969999999998e-21,
      0.7625006767645115,
      -5.9166589438e-13,
      1.9603301113000004e-11,
      -2.735729313569999e-10,
      -2.799087523857001e-16,
      9.632146194e-16,
      1.0594323926403943e-05,
      -3.8227654992999996e-07,
      -2.518135506e-08,
      5.473926306e-10
    ]
  ],
  [
    [
      -6.792092999999998e-21,
      0.7625006767645115,
      -5.9166589438e-13,
      1.9603301113000004e-11,
      -2.735729313569999e-10,
      -2.799087523857001e-16,
      1.070238466e-15,
      1.0594323926403943e-05,
      -3.8227654992999996e-07,
      -2.518135506e-08,
      5.473926306e-10
    ],
    [
      -6.792092999999998e-21,
      0.7625006767645115,
      -5.9166589438e-13,
      1.9603301113000004e-11,
      -2.735729313569999e-10,
      -2.799087523857001e-16,
      1.070238466e-15,
      1.0594323926403943e-05,
      -3.8227654992999996e-07,
      -2.518135506e-08,
      5.473926306e-10
    ]
  ]
]

crossover_population =[
  [
    -2.5999999999998703e-24, 
    -5.990220000000718e-15, 
    -1.0180078000000016e-14, 
    9.010752999999939e-13, 
    -3.8214812999999964e-11, 
    -3.5697699999999723e-17, 
    4.329440600000007e-16, 
    6.523303000000019e-07, 
    -9.472100299999994e-07, 
    -2.2228340000000016e-10, 
    3.58214034e-10
  ],
  [
    -6.792092999999998e-21,
    0.7625006767645115,
    -5.9166589438e-13,
    1.9603301113000004e-11,
    -2.735729313569999e-10,
    -2.799087523857001e-16,
    1.070238466e-15,
    1.0594323926403943e-05,
    -3.8227654992999996e-07,
    -2.518135506e-08,
    5.473926306e-10
  ],
  [
    -6.792092999999998e-21,
    0.7625006767645115,
    -5.9166589438e-13,
    1.9603301113000004e-11,
    -2.735729313569999e-10,
    -2.799087523857001e-16,
    1.070238466e-15,
    1.0594323926403943e-05,
    -3.8227654992999996e-07,
    -2.518135506e-08,
    5.473926306e-10
  ],
  [
    -5.051969999999998e-21,
    0.7625006767645115,
    -5.9166589438e-13,
    1.9603301113000004e-11,
    -2.735729313569999e-10,
    -2.799087523857001e-16,
    9.632146194e-16,
    1.0594323926403943e-05,
    -3.8227654992999996e-07,
    -2.518135506e-08,
    5.473926306e-10
  ],
  [
    -6.792092999999998e-21,
    0.7625006767645115,
    -5.9166589438e-13,
    1.9603301113000004e-11,
    -2.735729313569999e-10,
    -2.799087523857001e-16,
    1.070238466e-15,
    1.0594323926403943e-05,
    -3.8227654992999996e-07,
    -2.518135506e-08,
    5.473926306e-10
  ],
  [
    -6.792092999999998e-21,
    0.7625006767645115,
    -5.9166589438e-13,
    1.9603301113000004e-11,
    -2.735729313569999e-10,
    -2.799087523857001e-16,
    1.070238466e-15,
    1.0594323926403943e-05,
    -3.8227654992999996e-07,
    -2.518135506e-08,
    5.473926306e-10
  ],
  [
    -6.792092999999998e-21,
    0.7625006767645115,
    -5.9166589438e-13,
    1.9603301113000004e-11,
    -2.735729313569999e-10,
    -2.799087523857001e-16,
    1.070238466e-15,
    1.0594323926403943e-05,
    -3.8227654992999996e-07,
    -2.518135506e-08,
    5.473926306e-10
  ],
  [
    -5.051969999999998e-21,
    0.7625006767645115,
    -5.9166589438e-13,
    1.9603301113000004e-11,
    -2.735729313569999e-10,
    -2.799087523857001e-16,
    9.632146194e-16,
    1.0594323926403943e-05,
    -3.8227654992999996e-07,
    -2.518135506e-08,
    5.473926306e-10
  ],
  [
    -6.792092999999998e-21,
    0.7625006767645115,
    -5.9166589438e-13,
    1.9603301113000004e-11,
    -2.735729313569999e-10,
    -2.799087523857001e-16,
    1.070238466e-15,
    1.0594323926403943e-05,
    -3.8227654992999996e-07,
    -2.518135506e-08,
    5.473926306e-10
  ],
  [
    -6.792092999999998e-21,
    0.7625006767645115,
    -5.9166589438e-13,
    1.9603301113000004e-11,
    -2.735729313569999e-10,
    -2.799087523857001e-16,
    1.070238466e-15,
    1.0594323926403943e-05,
    -3.8227654992999996e-07,
    -2.518135506e-08,
    5.473926306e-10
  ]
]

mutated_population = [
 [
    -2.5999999999998703e-24, 
    -5.990220000000718e-15, 
    -1.0180078000000016e-14, 
    9.010752999999939e-13, 
    -3.8214812999999964e-11, 
    -3.5697699999999723e-17, 
    4.329440600000007e-16, 
    6.523303000000019e-07, 
    -9.472100299999994e-07, 
    -2.2228340000000016e-10, 
    3.58214034e-10
  ],
  [
    -5.051969999999998e-21,
    0.7625006767645115,
    -5.9166589438e-13,
    1.9603301113000004e-11,
    -2.735729313569999e-10,
    -2.799087523857001e-16,
    1.070238466e-15,
    1.0594323926403943e-05,
    -3.8227654992999996e-07,
    -2.518135506e-08,
    5.473926306e-10
  ],
  [
    -5.051969999999998e-21,
    0.7625006767645115,
    -5.9166589438e-13,
    1.9603301113000004e-11,
    -2.735729313569999e-10,
    -2.799087523857001e-16,
    1.070238466e-15,
    1.0594323926403943e-05,
    -3.8227654992999996e-07,
    -2.518135506e-08,
    5.473926306e-10
  ],
  [
    -5.051969999999998e-21,
    0.7625006767645115,
    -5.9166589438e-13,
    1.9603301113000004e-11,
    -2.735729313569999e-10,
    -2.799087523857001e-16,
    1.070238466e-15,
    1.0594323926403943e-05,
    -3.8227654992999996e-07,
    -2.518135506e-08,
    5.473926306e-10
  ],
  [
    -6.792092999999998e-21,
    0.7625006767645115,
    -5.324993049420001e-13,
    1.9603301113000004e-11,
    -2.735729313569999e-10,
    -2.799087523857001e-16,
    1.05953608134e-15,
    1.0594323926403943e-05,
    -4.20504204923e-07,
    -2.518135506e-08,
    5.473926306e-10
  ],
  [
    -6.792092999999998e-21,
    0.7625006767645115,
    -5.9166589438e-13,
    1.9603301113000004e-11,
    -2.735729313569999e-10,
    -2.799087523857001e-16,
    9.632146194e-16,
    1.0594323926403943e-05,
    -3.8227654992999996e-07,
    -2.518135506e-08,
    5.473926306e-10
  ],
  [
    -6.792092999999998e-21,
    0.7625006767645115,
    -5.9166589438e-13,
    1.9603301113000004e-11,
    -3.0093022449269994e-10,
    -2.799087523857001e-16,
    1.070238466e-15,
    1.0594323926403943e-05,
    -3.8227654992999996e-07,
    -2.518135506e-08,
    5.473926306e-10
  ],
  [
    -6.792092999999998e-21,
    0.7625006767645115,
    -5.9166589438e-13,
    1.9603301113000004e-11,
    -2.735729313569999e-10,
    -2.799087523857001e-16,
    1.070238466e-15,
    1.0594323926403943e-05,
    -3.8227654992999996e-07,
    -2.518135506e-08,
    5.473926306e-10
  ],
  [
    -6.792092999999998e-21,
    0.7625006767645115,
    -5.9166589438e-13,
    1.9603301113000004e-11,
    -2.735729313569999e-10,
    -2.799087523857001e-16,
    1.070238466e-15,
    1.0594323926403943e-05,
    -3.8227654992999996e-07,
    -2.518135506e-08,
    5.473926306e-10
  ],
  [
    -6.792092999999998e-21,
    0.7625006767645115,
    -5.9166589438e-13,
    1.9603301113000004e-11,
    -2.735729313569999e-10,
    -2.799087523857001e-16,
    1.070238466e-15,
    1.0594323926403943e-05,
    -3.8227654992999996e-07,
    -2.518135506e-08,
    5.473926306e-10
  ]
]