initial_population = [
  [
    -7.471302299999998e-21,
    0.7625006767645115,
    -5.324993049420001e-13,
    1.9603301113000004e-11,
    -3.0093022449269994e-10,
    -3.078996276242701e-16,
    1.070238466e-15,
    1.0594323926403943e-05,
    -4.20504204923e-07,
    -2.518135506e-08,
    5.473926306e-10
  ],
  [
    -7.471302299999998e-21,
    0.7625006767645115,
    -5.324993049420001e-13,
    1.9603301113000004e-11,
    -3.0093022449269994e-10,
    -2.799087523857001e-16,
    1.070238466e-15,
    1.0594323926403943e-05,
    -4.20504204923e-07,
    -2.518135506e-08,
    5.473926306e-10
  ],
  [
    -7.471302299999998e-21,
    0.7625006767645115,
    -5.324993049420001e-13,
    1.9603301113000004e-11,
    -3.0093022449269994e-10,
    -2.799087523857001e-16,
    1.070238466e-15,
    1.0594323926403943e-05,
    -4.20504204923e-07,
    -2.7699490565999998e-08,
    5.473926306e-10
  ],
  [
    -7.471302299999998e-21,
    0.7625006767645115,
    -5.324993049420001e-13,
    1.9603301113000004e-11,
    -3.0093022449269994e-10,
    -2.799087523857001e-16,
    1.070238466e-15,
    1.0594323926403943e-05,
    -4.20504204923e-07,
    -2.518135506e-08,
    5.473926306e-10
  ],
  [
    -7.471302299999998e-21,
    0.7625006767645115,
    -5.324993049420001e-13,
    1.9407268101870004e-11,
    -3.0093022449269994e-10,
    -2.799087523857001e-16,
    1.070238466e-15,
    1.0594323926403943e-05,
    -4.20504204923e-07,
    -2.518135506e-08,
    4.926533675400001e-10
  ],
  [
    -7.471302299999998e-21,
    0.7625006767645115,
    -5.324993049420001e-13,
    1.7642971001700004e-11,
    -3.0093022449269994e-10,
    -2.799087523857001e-16,
    1.070238466e-15,
    1.0594323926403943e-05,
    -4.20504204923e-07,
    -2.518135506e-08,
    5.473926306e-10
  ],
  [
    -7.471302299999998e-21,
    0.7625006767645115,
    -5.324993049420001e-13,
    1.9603301113000004e-11,
    -3.0093022449269994e-10,
    -2.799087523857001e-16,
    1.070238466e-15,
    1.0594323926403943e-05,
    -4.20504204923e-07,
    -2.518135506e-08,
    5.473926306e-10
  ],
  [
    -7.471302299999998e-21,
    0.7625006767645115,
    -5.324993049420001e-13,
    1.9603301113000004e-11,
    -3.0093022449269994e-10,
    -2.799087523857001e-16,
    1.070238466e-15,
    1.0594323926403943e-05,
    -4.20504204923e-07,
    -2.518135506e-08,
    5.473926306e-10
  ],
  [
    -5.051969999999998e-21,
    0.7625006767645115,
    -5.324993049420001e-13,
    1.7642971001700004e-11,
    -3.0093022449269994e-10,
    -2.799087523857001e-16,
    1.070238466e-15,
    1.0594323926403943e-05,
    -4.20504204923e-07,
    -2.518135506e-08,
    5.473926306e-10
  ],
  [
    -5.051969999999998e-21,
    0.7625006767645115,
    -5.324993049420001e-13,
    1.7642971001700004e-11,
    -3.0093022449269994e-10,
    -2.799087523857001e-16,
    1.070238466e-15,
    1.0594323926403943e-05,
    -4.20504204923e-07,
    -2.518135506e-08,
    5.473926306e-10
  ]
]

selected_population = [
  [
    [
      -7.471302299999998e-21,
      0.7625006767645115,
      -5.324993049420001e-13,
      1.9603301113000004e-11,
      -3.0093022449269994e-10,
      -2.799087523857001e-16,
      1.070238466e-15,
      1.0594323926403943e-05,
      -4.20504204923e-07,
      -2.518135506e-08,
      5.473926306e-10
    ],
    [
      -7.471302299999998e-21,
      0.7625006767645115,
      -5.324993049420001e-13,
      1.9603301113000004e-11,
      -3.0093022449269994e-10,
      -2.799087523857001e-16,
      1.070238466e-15,
      1.0594323926403943e-05,
      -4.20504204923e-07,
      -2.518135506e-08,
      5.473926306e-10
    ]
  ],
  [
    [
      -7.471302299999998e-21,
      0.7625006767645115,
      -5.324993049420001e-13,
      1.9603301113000004e-11,
      -3.0093022449269994e-10,
      -2.799087523857001e-16,
      1.070238466e-15,
      1.0594323926403943e-05,
      -4.20504204923e-07,
      -2.518135506e-08,
      5.473926306e-10
    ],
    [
      -5.051969999999998e-21,
      0.7625006767645115,
      -5.324993049420001e-13,
      1.9603301113000004e-11,
      -3.0093022449269994e-10,
      -2.799087523857001e-16,
      1.070238466e-15,
      1.0594323926403943e-05,
      -4.20504204923e-07,
      -2.518135506e-08,
      5.473926306e-10
    ]
  ],
  [
    [
      -7.471302299999998e-21,
      0.7625006767645115,
      -5.324993049420001e-13,
      1.9603301113000004e-11,
      -3.0093022449269994e-10,
      -2.799087523857001e-16,
      1.070238466e-15,
      1.0594323926403943e-05,
      -4.20504204923e-07,
      -2.518135506e-08,
      5.473926306e-10
    ],
    [
      -5.051969999999998e-21,
      0.7625006767645115,
      -5.324993049420001e-13,
      1.7642971001700004e-11,
      -3.0093022449269994e-10,
      -2.799087523857001e-16,
      1.070238466e-15,
      1.0594323926403943e-05,
      -4.20504204923e-07,
      -2.518135506e-08,
      5.473926306e-10
    ]
  ],
  [
    [
      -7.471302299999998e-21,
      0.7625006767645115,
      -5.324993049420001e-13,
      1.9603301113000004e-11,
      -3.0093022449269994e-10,
      -2.799087523857001e-16,
      1.070238466e-15,
      1.0594323926403943e-05,
      -4.20504204923e-07,
      -2.518135506e-08,
      5.473926306e-10
    ],
    [
      -5.051969999999998e-21,
      0.7625006767645115,
      -5.324993049420001e-13,
      1.9603301113000004e-11,
      -3.0093022449269994e-10,
      -2.799087523857001e-16,
      1.070238466e-15,
      1.0594323926403943e-05,
      -4.20504204923e-07,
      -2.518135506e-08,
      5.473926306e-10
    ]
  ],
  [
    [
      -7.471302299999998e-21,
      0.7625006767645115,
      -5.324993049420001e-13,
      1.9603301113000004e-11,
      -3.0093022449269994e-10,
      -2.799087523857001e-16,
      1.070238466e-15,
      1.0594323926403943e-05,
      -4.20504204923e-07,
      -2.518135506e-08,
      5.473926306e-10
    ],
    [
      -5.051969999999998e-21,
      0.7625006767645115,
      -5.324993049420001e-13,
      1.7642971001700004e-11,
      -3.0093022449269994e-10,
      -2.799087523857001e-16,
      1.070238466e-15,
      1.0594323926403943e-05,
      -4.20504204923e-07,
      -2.518135506e-08,
      5.473926306e-10
    ]
  ]
]

crossover_population =[
  [
    -7.471302299999998e-21,
    0.7625006767645115,
    -5.324993049420001e-13,
    1.9603301113000004e-11,
    -3.0093022449269994e-10,
    -2.799087523857001e-16,
    1.070238466e-15,
    1.0594323926403943e-05,
    -4.20504204923e-07,
    -2.518135506e-08,
    5.473926306e-10
  ],
  [
    -7.471302299999998e-21,
    0.7625006767645115,
    -5.324993049420001e-13,
    1.9603301113000004e-11,
    -3.0093022449269994e-10,
    -2.799087523857001e-16,
    1.070238466e-15,
    1.0594323926403943e-05,
    -4.20504204923e-07,
    -2.518135506e-08,
    5.473926306e-10
  ],
  [
    -7.471302299999998e-21,
    0.7625006767645115,
    -5.324993049420001e-13,
    1.9603301113000004e-11,
    -3.0093022449269994e-10,
    -2.799087523857001e-16,
    1.070238466e-15,
    1.0594323926403943e-05,
    -4.20504204923e-07,
    -2.518135506e-08,
    5.473926306e-10
  ],
  [
    -7.471302299999998e-21,
    0.7625006767645115,
    -5.324993049420001e-13,
    1.9603301113000004e-11,
    -3.0093022449269994e-10,
    -2.799087523857001e-16,
    1.070238466e-15,
    1.0594323926403943e-05,
    -4.20504204923e-07,
    -2.518135506e-08,
    5.473926306e-10
  ],
  [
    -5.051969999999998e-21,
    0.7625006767645115,
    -5.324993049420001e-13,
    1.7642971001700004e-11,
    -3.0093022449269994e-10,
    -2.799087523857001e-16,
    1.070238466e-15,
    1.0594323926403943e-05,
    -4.20504204923e-07,
    -2.518135506e-08,
    5.473926306e-10
  ],
  [
    -7.471302299999998e-21,
    0.7625006767645115,
    -5.324993049420001e-13,
    1.7642971001700004e-11,
    -3.0093022449269994e-10,
    -2.799087523857001e-16,
    1.070238466e-15,
    1.0594323926403943e-05,
    -4.20504204923e-07,
    -2.518135506e-08,
    5.473926306e-10
  ],
  [
    -7.471302299999998e-21,
    0.7625006767645115,
    -5.324993049420001e-13,
    1.9603301113000004e-11,
    -3.0093022449269994e-10,
    -2.799087523857001e-16,
    1.070238466e-15,
    1.0594323926403943e-05,
    -4.20504204923e-07,
    -2.518135506e-08,
    5.473926306e-10
  ],
  [
    -7.471302299999998e-21,
    0.7625006767645115,
    -5.324993049420001e-13,
    1.9603301113000004e-11,
    -3.0093022449269994e-10,
    -2.799087523857001e-16,
    1.070238466e-15,
    1.0594323926403943e-05,
    -4.20504204923e-07,
    -2.518135506e-08,
    5.473926306e-10
  ],
  [
    -7.471302299999998e-21,
    0.7625006767645115,
    -5.324993049420001e-13,
    1.7642971001700004e-11,
    -3.0093022449269994e-10,
    -2.799087523857001e-16,
    1.070238466e-15,
    1.0594323926403943e-05,
    -4.20504204923e-07,
    -2.518135506e-08,
    5.473926306e-10
  ],
  [
    -5.051969999999998e-21,
    0.7625006767645115,
    -5.324993049420001e-13,
    1.7642971001700004e-11,
    -3.0093022449269994e-10,
    -2.799087523857001e-16,
    1.070238466e-15,
    1.0594323926403943e-05,
    -4.20504204923e-07,
    -2.518135506e-08,
    5.473926306e-10
  ]
]

mutated_population = [
  [
    -7.471302299999998e-21,
    0.7625006767645115,
    -5.324993049420001e-13,
    1.9603301113000004e-11,
    -3.3102324694196995e-10,
    -2.799087523857001e-16,
    1.070238466e-15,
    1.0594323926403943e-05,
    -4.20504204923e-07,
    -2.518135506e-08,
    5.473926306e-10
  ],
  [
    -7.471302299999998e-21,
    0.7625006767645115,
    -5.324993049420001e-13,
    1.9603301113000004e-11,
    -3.0093022449269994e-10,
    -2.799087523857001e-16,
    1.070238466e-15,
    1.0594323926403943e-05,
    -4.20504204923e-07,
    -2.518135506e-08,
    5.473926306e-10
  ],
  [
    -7.471302299999998e-21,
    0.7625006767645115,
    -5.324993049420001e-13,
    1.9603301113000004e-11,
    -3.0093022449269994e-10,
    -2.519178771471301e-16,
    9.632146194e-16,
    1.0594323926403943e-05,
    -4.20504204923e-07,
    -2.518135506e-08,
    5.473926306e-10
  ],
  [
    -7.471302299999998e-21,
    0.7625006767645115,
    -5.324993049420001e-13,
    1.9603301113000004e-11,
    -3.0093022449269994e-10,
    -2.799087523857001e-16,
    1.070238466e-15,
    1.0594323926403943e-05,
    -4.20504204923e-07,
    -2.518135506e-08,
    5.473926306e-10
  ],
  [
    -7.471302299999998e-21,
    0.7625006767645115,
    -5.324993049420001e-13,
    1.9603301113000004e-11,
    -3.0093022449269994e-10,
    -2.799087523857001e-16,
    1.070238466e-15,
    1.0594323926403943e-05,
    -4.625546254153e-07,
    -2.518135506e-08,
    5.473926306e-10
  ],
  [
    -7.499999999999988e-23, 
    -1.7799022000000072e-13, 
    -7.498007800000001e-14, 
    5.740107529999998e-11, 
    -7.321481299999999e-11, 
    -7.266977e-16, 
    5.729440600000003e-16, 
    4.342330299999997e-06, 
    -1.2872100299999997e-06, 
    -6.1792834000000004e-09, 
    5.982140339999999e-10
  ],
  [
    -7.471302299999998e-21,
    0.7625006767645115,
    -5.324993049420001e-13,
    1.7642971001700004e-11,
    -3.0093022449269994e-10,
    -2.799087523857001e-16,
    1.070238466e-15,
    1.0594323926403943e-05,
    -4.20504204923e-07,
    -2.518135506e-08,
    5.473926306e-10
  ],
  [
    -7.471302299999998e-21,
    0.7625006767645115,
    -5.324993049420001e-13,
    1.9603301113000004e-11,
    -3.0093022449269994e-10,
    -2.799087523857001e-16,
    1.070238466e-15,
    1.0594323926403943e-05,
    -4.20504204923e-07,
    -2.518135506e-08,
    5.473926306e-10
  ],
  [
    -7.471302299999998e-21,
    0.7625006767645115,
    -5.324993049420001e-13,
    1.9603301113000004e-11,
    -3.0093022449269994e-10,
    -2.799087523857001e-16,
    1.070238466e-15,
    9.534891533763549e-06,
    -4.20504204923e-07,
    -2.518135506e-08,
    5.473926306e-10
  ],
  [
    -7.471302299999998e-21,
    0.7625006767645115,
    -5.324993049420001e-13,
    1.9603301113000004e-11,
    -3.0093022449269994e-10,
    -2.799087523857001e-16,
    1.070238466e-15,
    1.0594323926403943e-05,
    -4.20504204923e-07,
    -2.518135506e-08,
    5.473926306e-10
  ]
]