initial_population = [
  [
    -7.471302299999998e-21,
    0.7548756699968664,
    -5.324993049420001e-13,
    1.9407268101870004e-11,
    -3.0093022449269994e-10,
    -2.799087523857001e-16,
    9.632146194e-16,
    1.1653756319044338e-05,
    -4.20504204923e-07,
    -2.7699490565999998e-08,
    4.926533675400001e-10
  ],
  [
    -7.471302299999998e-21,
    0.8387507444409626,
    -5.324993049420001e-13,
    1.7642971001700004e-11,
    -3.0093022449269994e-10,
    -2.799087523857001e-16,
    1.070238466e-15,
    1.1653756319044338e-05,
    -4.20504204923e-07,
    -2.518135506e-08,
    5.473926306e-10
  ],
  [
    -7.471302299999998e-21,
    0.7625006767645115,
    -5.857492354362001e-13,
    1.5878673901530004e-11,
    -3.0093022449269994e-10,
    -2.799087523857001e-16,
    1.070238466e-15,
    1.1653756319044338e-05,
    -4.625546254153e-07,
    -2.518135506e-08,
    5.473926306e-10
  ],
  [
    -7.471302299999998e-21,
    0.7625006767645115,
    -5.324993049420001e-13,
    1.7642971001700004e-11,
    -3.0093022449269994e-10,
    -2.799087523857001e-16,
    1.070238466e-15,
    1.1653756319044338e-05,
    -4.20504204923e-07,
    -2.518135506e-08,
    5.473926306e-10
  ],
  [
    -7.471302299999998e-21,
    0.7625006767645115,
    -5.324993049420001e-13,
    1.9603301113000004e-11,
    -3.0093022449269994e-10,
    -2.799087523857001e-16,
    1.070238466e-15,
    1.1653756319044338e-05,
    -4.20504204923e-07,
    -2.518135506e-08,
    5.473926306e-10
  ],
  [
    -7.471302299999998e-21,
    0.7625006767645115,
    -5.324993049420001e-13,
    1.9603301113000004e-11,
    -3.0093022449269994e-10,
    -2.799087523857001e-16,
    1.070238466e-15,
    1.1653756319044338e-05,
    -4.20504204923e-07,
    -2.518135506e-08,
    5.473926306e-10
  ],
  [
    -7.471302299999998e-21,
    0.7625006767645115,
    -5.324993049420001e-13,
    1.7642971001700004e-11,
    -3.0093022449269994e-10,
    -2.799087523857001e-16,
    1.070238466e-15,
    1.1653756319044338e-05,
    -4.20504204923e-07,
    -2.518135506e-08,
    5.473926306e-10
  ],
  [
    -7.471302299999998e-21,
    0.7625006767645115,
    -5.324993049420001e-13,
    1.7642971001700004e-11,
    -3.0093022449269994e-10,
    -2.799087523857001e-16,
    1.070238466e-15,
    1.1653756319044338e-05,
    -4.20504204923e-07,
    -2.518135506e-08,
    5.473926306e-10
  ],
  [
    -7.471302299999998e-21,
    0.8387507444409626,
    -5.324993049420001e-13,
    1.5878673901530004e-11,
    -3.0093022449269994e-10,
    -2.799087523857001e-16,
    1.070238466e-15,
    1.1653756319044338e-05,
    -4.20504204923e-07,
    -2.518135506e-08,
    5.473926306e-10
  ],
  [
    -7.471302299999998e-21,
    0.8387507444409626,
    -5.324993049420001e-13,
    1.7642971001700004e-11,
    -3.0093022449269994e-10,
    -2.799087523857001e-16,
    1.070238466e-15,
    1.1653756319044338e-05,
    -4.20504204923e-07,
    -2.518135506e-08,
    5.473926306e-10
  ]
]

selected_population = [
  [
    [
      -7.471302299999998e-21,
      0.8387507444409626,
      -5.324993049420001e-13,
      1.7642971001700004e-11,
      -3.0093022449269994e-10,
      -2.799087523857001e-16,
      1.070238466e-15,
      1.1653756319044338e-05,
      -4.20504204923e-07,
      -2.518135506e-08,
      5.473926306e-10
    ],
    [
      -7.471302299999998e-21,
      0.8387507444409626,
      -5.324993049420001e-13,
      1.7642971001700004e-11,
      -3.0093022449269994e-10,
      -2.799087523857001e-16,
      1.070238466e-15,
      1.1653756319044338e-05,
      -4.20504204923e-07,
      -2.518135506e-08,
      5.473926306e-10
    ]
  ],
  [
    [
      -7.471302299999998e-21,
      0.8387507444409626,
      -5.324993049420001e-13,
      1.7642971001700004e-11,
      -3.0093022449269994e-10,
      -2.799087523857001e-16,
      1.070238466e-15,
      1.1653756319044338e-05,
      -4.20504204923e-07,
      -2.518135506e-08,
      5.473926306e-10
    ],
    [
      -7.471302299999998e-21,
      0.7625006767645115,
      -5.324993049420001e-13,
      1.9603301113000004e-11,
      -3.0093022449269994e-10,
      -2.799087523857001e-16,
      1.070238466e-15,
      1.1653756319044338e-05,
      -4.20504204923e-07,
      -2.518135506e-08,
      5.473926306e-10
    ]
  ],
  [
    [
      -7.471302299999998e-21,
      0.8387507444409626,
      -5.324993049420001e-13,
      1.7642971001700004e-11,
      -3.0093022449269994e-10,
      -2.799087523857001e-16,
      1.070238466e-15,
      1.1653756319044338e-05,
      -4.20504204923e-07,
      -2.518135506e-08,
      5.473926306e-10
    ],
    [
      -7.471302299999998e-21,
      0.7625006767645115,
      -5.324993049420001e-13,
      1.9603301113000004e-11,
      -3.0093022449269994e-10,
      -2.799087523857001e-16,
      1.070238466e-15,
      1.1653756319044338e-05,
      -4.20504204923e-07,
      -2.518135506e-08,
      5.473926306e-10
    ]
  ],
  [
    [
      -7.471302299999998e-21,
      0.8387507444409626,
      -5.324993049420001e-13,
      1.7642971001700004e-11,
      -3.0093022449269994e-10,
      -2.799087523857001e-16,
      1.070238466e-15,
      1.1653756319044338e-05,
      -4.20504204923e-07,
      -2.518135506e-08,
      5.473926306e-10
    ],
    [
      -7.471302299999998e-21,
      0.7625006767645115,
      -5.324993049420001e-13,
      1.9603301113000004e-11,
      -3.0093022449269994e-10,
      -2.799087523857001e-16,
      1.070238466e-15,
      1.1653756319044338e-05,
      -4.20504204923e-07,
      -2.518135506e-08,
      5.473926306e-10
    ]
  ],
  [
    [
      -7.471302299999998e-21,
      0.8387507444409626,
      -5.324993049420001e-13,
      1.7642971001700004e-11,
      -3.0093022449269994e-10,
      -2.799087523857001e-16,
      1.070238466e-15,
      1.1653756319044338e-05,
      -4.20504204923e-07,
      -2.518135506e-08,
      5.473926306e-10
    ],
    [
      -7.471302299999998e-21,
      0.7625006767645115,
      -5.324993049420001e-13,
      1.9603301113000004e-11,
      -3.0093022449269994e-10,
      -2.799087523857001e-16,
      1.070238466e-15,
      1.1653756319044338e-05,
      -4.20504204923e-07,
      -2.518135506e-08,
      5.473926306e-10
    ]
  ]
]

crossover_population = [
  [
    -7.471302299999998e-21,
    0.8387507444409626,
    -5.324993049420001e-13,
    1.7642971001700004e-11,
    -3.0093022449269994e-10,
    -2.799087523857001e-16,
    1.070238466e-15,
    1.1653756319044338e-05,
    -4.20504204923e-07,
    -2.518135506e-08,
    5.473926306e-10
  ],
  [
    -7.471302299999998e-21,
    0.8387507444409626,
    -5.324993049420001e-13,
    1.7642971001700004e-11,
    -3.0093022449269994e-10,
    -2.799087523857001e-16,
    1.070238466e-15,
    1.1653756319044338e-05,
    -4.20504204923e-07,
    -2.518135506e-08,
    5.473926306e-10
  ],
  [
    -7.471302299999998e-21,
    0.8387507444409626,
    -5.324993049420001e-13,
    1.7642971001700004e-11,
    -3.0093022449269994e-10,
    -2.799087523857001e-16,
    1.070238466e-15,
    1.1653756319044338e-05,
    -4.20504204923e-07,
    -2.518135506e-08,
    5.473926306e-10
  ],
  [
    -7.471302299999998e-21,
    0.7625006767645115,
    -5.324993049420001e-13,
    1.7642971001700004e-11,
    -3.0093022449269994e-10,
    -2.799087523857001e-16,
    1.070238466e-15,
    1.1653756319044338e-05,
    -4.20504204923e-07,
    -2.518135506e-08,
    5.473926306e-10
  ],
  [
    -7.471302299999998e-21,
    0.7625006767645115,
    -5.324993049420001e-13,
    1.7642971001700004e-11,
    -3.0093022449269994e-10,
    -2.799087523857001e-16,
    1.070238466e-15,
    1.1653756319044338e-05,
    -4.20504204923e-07,
    -2.518135506e-08,
    5.473926306e-10
  ],
  [
    -7.471302299999998e-21,
    0.7625006767645115,
    -5.324993049420001e-13,
    1.9603301113000004e-11,
    -3.0093022449269994e-10,
    -2.799087523857001e-16,
    1.070238466e-15,
    1.1653756319044338e-05,
    -4.20504204923e-07,
    -2.518135506e-08,
    5.473926306e-10
  ],
  [
    -7.471302299999998e-21,
    0.8387507444409626,
    -5.324993049420001e-13,
    1.7642971001700004e-11,
    -3.0093022449269994e-10,
    -2.799087523857001e-16,
    1.070238466e-15,
    1.1653756319044338e-05,
    -4.20504204923e-07,
    -2.518135506e-08,
    5.473926306e-10
  ],
  [
    -7.471302299999998e-21,
    0.7625006767645115,
    -5.324993049420001e-13,
    1.7642971001700004e-11,
    -3.0093022449269994e-10,
    -2.799087523857001e-16,
    1.070238466e-15,
    1.1653756319044338e-05,
    -4.20504204923e-07,
    -2.518135506e-08,
    5.473926306e-10
  ],
  [
    -7.471302299999998e-21,
    0.8387507444409626,
    -5.324993049420001e-13,
    1.9603301113000004e-11,
    -3.0093022449269994e-10,
    -2.799087523857001e-16,
    1.070238466e-15,
    1.1653756319044338e-05,
    -4.20504204923e-07,
    -2.518135506e-08,
    5.473926306e-10
  ],
  [
    -7.471302299999998e-21,
    0.8387507444409626,
    -5.324993049420001e-13,
    1.7642971001700004e-11,
    -3.0093022449269994e-10,
    -2.799087523857001e-16,
    1.070238466e-15,
    1.1653756319044338e-05,
    -4.20504204923e-07,
    -2.518135506e-08,
    5.473926306e-10
  ]
]

mutated_population = [
  [
    -7.471302299999998e-21,
    0.8387507444409626,
    -5.324993049420001e-13,
    1.7642971001700004e-11,
    -3.0093022449269994e-10,
    -2.799087523857001e-16,
    1.070238466e-15,
    1.1653756319044338e-05,
    -3.7845378443069997e-07,
    -2.518135506e-08,
    5.473926306e-10
  ],
  [
    -7.471302299999998e-21,
    0.8387507444409626,
    -5.324993049420001e-13,
    1.7642971001700004e-11,
    -3.0093022449269994e-10,
    -2.799087523857001e-16,
    1.070238466e-15,
    1.1653756319044338e-05,
    -4.20504204923e-07,
    -2.518135506e-08,
    5.473926306e-10
  ],
  [
    -6.7241720699999985e-21,
    0.8387507444409626,
    -5.324993049420001e-13,
    1.7642971001700004e-11,
    -3.0093022449269994e-10,
    -2.799087523857001e-16,
    1.070238466e-15,
    1.1653756319044338e-05,
    -4.20504204923e-07,
    -2.518135506e-08,
    5.473926306e-10
  ],
  [
    -7.471302299999998e-21,
    0.8387507444409626,
    -5.324993049420001e-13,
    1.7642971001700004e-11,
    -3.0093022449269994e-10,
    -2.799087523857001e-16,
    1.070238466e-15,
    1.1653756319044338e-05,
    -4.20504204923e-07,
    -2.518135506e-08,
    5.473926306e-10
  ],
  [
    -7.471302299999998e-21,
    0.7548756699968664,
    -5.324993049420001e-13,
    1.7642971001700004e-11,
    -3.0093022449269994e-10,
    -2.799087523857001e-16,
    1.070238466e-15,
    1.1653756319044338e-05,
    -4.625546254153e-07,
    -2.518135506e-08,
    5.473926306e-10
  ],
  [
    -7.471302299999998e-21,
    0.8387507444409626,
    -5.324993049420001e-13,
    1.7642971001700004e-11,
    -3.0093022449269994e-10,
    -2.799087523857001e-16,
    1.070238466e-15,
    1.1653756319044338e-05,
    -4.20504204923e-07,
    -2.518135506e-08,
    5.473926306e-10
  ],
  [
    -7.471302299999998e-21,
    0.8387507444409626,
    -5.324993049420001e-13,
    1.5878673901530004e-11,
    -3.0093022449269994e-10,
    -2.799087523857001e-16,
    1.070238466e-15,
    1.1653756319044338e-05,
    -4.20504204923e-07,
    -2.518135506e-08,
    5.473926306e-10
  ],
  [
    -7.471302299999998e-21,
    0.8387507444409626,
    -5.324993049420001e-13,
    1.5878673901530004e-11,
    -3.0093022449269994e-10,
    -2.799087523857001e-16,
    1.070238466e-15,
    1.1653756319044338e-05,
    -4.20504204923e-07,
    -2.518135506e-08,
    5.473926306e-10
  ],
  [
    -8.218432529999997e-21,
    0.6862506090880603,
    -5.857492354362001e-13,
    1.7642971001700004e-11,
    -3.3102324694196995e-10,
    -2.799087523857001e-16,
    1.070238466e-15,
    1.1653756319044338e-05,
    -3.7845378443069997e-07,
    -2.518135506e-08,
    5.473926306e-10
  ],
  [
    -6.299999999999875e-24, 
    -4.799022000000072e-14, 
    -3.94980078e-13, 
    6.840107529999999e-11, 
    -9.8214813e-11, 
    -3.6669770000000014e-16, 
    2.1294405999999992e-16, 
    3.642330299999998e-06, 
    -9.472100299999995e-07, 
    -8.992833999999999e-10, 
    3.48214034e-10
  ]
]