initial_population = [
  [
    -6.792092999999998e-21,
    0.7625006767645115,
    -5.9166589438e-13,
    1.9603301113000004e-11,
    -2.735729313569999e-10,
    -2.799087523857001e-16,
    1.070238466e-15,
    1.0594323926403943e-05,
    -3.8227654992999996e-07,
    -2.518135506e-08,
    5.473926306e-10
  ],
  [
    -6.792092999999998e-21,
    0.7625006767645115,
    -5.9166589438e-13,
    1.9603301113000004e-11,
    -2.735729313569999e-10,
    -2.799087523857001e-16,
    1.070238466e-15,
    1.0594323926403943e-05,
    -3.8227654992999996e-07,
    -2.518135506e-08,
    5.473926306e-10
  ],
  [
    -5.051969999999998e-21,
    0.6862506090880603,
    -5.9166589438e-13,
    1.9603301113000004e-11,
    -2.735729313569999e-10,
    -2.799087523857001e-16,
    9.632146194e-16,
    9.534891533763549e-06,
    -3.8227654992999996e-07,
    -2.518135506e-08,
    5.473926306e-10
  ],
  [
    -5.051969999999998e-21,
    0.7625006767645115,
    -5.9166589438e-13,
    1.9603301113000004e-11,
    -2.735729313569999e-10,
    -2.799087523857001e-16,
    9.632146194e-16,
    1.0594323926403943e-05,
    -3.8227654992999996e-07,
    -2.518135506e-08,
    5.473926306e-10
  ],
  [
    -6.792092999999998e-21,
    0.7625006767645115,
    -5.9166589438e-13,
    1.9603301113000004e-11,
    -2.735729313569999e-10,
    -2.799087523857001e-16,
    1.070238466e-15,
    1.0594323926403943e-05,
    -3.8227654992999996e-07,
    -2.518135506e-08,
    5.473926306e-10
  ],
  [
    -6.792092999999998e-21,
    0.7625006767645115,
    -5.9166589438e-13,
    1.9603301113000004e-11,
    -2.735729313569999e-10,
    -2.799087523857001e-16,
    1.070238466e-15,
    1.0594323926403943e-05,
    -3.8227654992999996e-07,
    -2.518135506e-08,
    5.473926306e-10
  ],
  [
    -5.051969999999998e-21,
    0.7625006767645115,
    -5.9166589438e-13,
    1.9603301113000004e-11,
    -2.735729313569999e-10,
    -2.799087523857001e-16,
    1.05953608134e-15,
    1.0594323926403943e-05,
    -3.8227654992999996e-07,
    -2.518135506e-08,
    5.473926306e-10
  ],
  [
    -5.051969999999998e-21,
    0.7625006767645115,
    -5.9166589438e-13,
    1.9603301113000004e-11,
    -2.735729313569999e-10,
    -2.799087523857001e-16,
    9.632146194e-16,
    1.0594323926403943e-05,
    -3.8227654992999996e-07,
    -2.518135506e-08,
    5.473926306e-10
  ],
  [
    -6.792092999999998e-21,
    0.7625006767645115,
    -5.9166589438e-13,
    1.9603301113000004e-11,
    -2.735729313569999e-10,
    -2.799087523857001e-16,
    9.632146194e-16,
    1.0594323926403943e-05,
    -3.8227654992999996e-07,
    -2.518135506e-08,
    6.0213189366e-10
  ],
  [
    -6.792092999999998e-21,
    0.7625006767645115,
    -5.9166589438e-13,
    1.9603301113000004e-11,
    -2.735729313569999e-10,
    -2.799087523857001e-16,
    1.070238466e-15,
    1.0594323926403943e-05,
    -3.8227654992999996e-07,
    -2.518135506e-08,
    5.473926306e-10
  ]
]

selected_population = [
  [
    [
      -6.792092999999998e-21,
      0.7625006767645115,
      -5.9166589438e-13,
      1.9603301113000004e-11,
      -2.735729313569999e-10,
      -2.799087523857001e-16,
      1.070238466e-15,
      1.0594323926403943e-05,
      -3.8227654992999996e-07,
      -2.518135506e-08,
      5.473926306e-10
    ],
    [
      -5.051969999999998e-21,
      0.7625006767645115,
      -5.9166589438e-13,
      1.9603301113000004e-11,
      -2.735729313569999e-10,
      -2.799087523857001e-16,
      1.070238466e-15,
      1.0594323926403943e-05,
      -3.8227654992999996e-07,
      -2.518135506e-08,
      5.473926306e-10
    ]
  ],
  [
    [
      -6.792092999999998e-21,
      0.7625006767645115,
      -5.9166589438e-13,
      1.9603301113000004e-11,
      -2.735729313569999e-10,
      -2.799087523857001e-16,
      1.070238466e-15,
      1.0594323926403943e-05,
      -3.8227654992999996e-07,
      -2.518135506e-08,
      5.473926306e-10
    ],
    [
      -5.051969999999998e-21,
      0.7625006767645115,
      -5.324993049420001e-13,
      1.9603301113000004e-11,
      -2.735729313569999e-10,
      -2.799087523857001e-16,
      9.632146194e-16,
      1.0594323926403943e-05,
      -3.8227654992999996e-07,
      -2.518135506e-08,
      5.473926306e-10
    ]
  ],
  [
    [
      -6.792092999999998e-21,
      0.7625006767645115,
      -5.9166589438e-13,
      1.9603301113000004e-11,
      -2.735729313569999e-10,
      -2.799087523857001e-16,
      1.070238466e-15,
      1.0594323926403943e-05,
      -3.8227654992999996e-07,
      -2.518135506e-08,
      5.473926306e-10
    ],
    [
      -6.792092999999998e-21,
      0.6862506090880603,
      -5.9166589438e-13,
      1.9603301113000004e-11,
      -2.735729313569999e-10,
      -2.799087523857001e-16,
      1.070238466e-15,
      1.0594323926403943e-05,
      -3.8227654992999996e-07,
      -2.518135506e-08,
      5.473926306e-10
    ]
  ],
  [
    [
      -5.051969999999998e-21,
      0.7625006767645115,
      -5.9166589438e-13,
      1.9603301113000004e-11,
      -2.735729313569999e-10,
      -2.799087523857001e-16,
      1.070238466e-15,
      1.0594323926403943e-05,
      -3.8227654992999996e-07,
      -2.518135506e-08,
      5.473926306e-10
    ],
    [
      -5.051969999999998e-21,
      0.7625006767645115,
      -5.324993049420001e-13,
      1.9603301113000004e-11,
      -2.735729313569999e-10,
      -2.799087523857001e-16,
      9.632146194e-16,
      1.0594323926403943e-05,
      -3.8227654992999996e-07,
      -2.518135506e-08,
      5.473926306e-10
    ]
  ],
  [
    [
      -5.051969999999998e-21,
      0.7625006767645115,
      -5.9166589438e-13,
      1.9603301113000004e-11,
      -2.735729313569999e-10,
      -2.799087523857001e-16,
      1.070238466e-15,
      1.0594323926403943e-05,
      -3.8227654992999996e-07,
      -2.518135506e-08,
      5.473926306e-10
    ],
    [
      -6.792092999999998e-21,
      0.6862506090880603,
      -5.9166589438e-13,
      1.9603301113000004e-11,
      -2.735729313569999e-10,
      -2.799087523857001e-16,
      1.070238466e-15,
      1.0594323926403943e-05,
      -3.8227654992999996e-07,
      -2.518135506e-08,
      5.473926306e-10
    ]
  ]
]

crossover_population = [
  [
    -5.051969999999998e-21,
    0.7625006767645115,
    -5.9166589438e-13,
    1.9603301113000004e-11,
    -2.735729313569999e-10,
    -2.799087523857001e-16,
    1.070238466e-15,
    1.0594323926403943e-05,
    -3.8227654992999996e-07,
    -2.518135506e-08,
    5.473926306e-10
  ],
  [
    -6.792092999999998e-21,
    0.7625006767645115,
    -5.9166589438e-13,
    1.9603301113000004e-11,
    -2.735729313569999e-10,
    -2.799087523857001e-16,
    1.070238466e-15,
    1.0594323926403943e-05,
    -3.8227654992999996e-07,
    -2.518135506e-08,
    5.473926306e-10
  ],
  [
    -5.051969999999998e-21,
    0.7625006767645115,
    -5.9166589438e-13,
    1.9603301113000004e-11,
    -2.735729313569999e-10,
    -2.799087523857001e-16,
    9.632146194e-16,
    1.0594323926403943e-05,
    -3.8227654992999996e-07,
    -2.518135506e-08,
    5.473926306e-10
  ],
  [
    -5.051969999999998e-21,
    0.7625006767645115,
    -5.9166589438e-13,
    1.9603301113000004e-11,
    -2.735729313569999e-10,
    -2.799087523857001e-16,
    9.632146194e-16,
    1.0594323926403943e-05,
    -3.8227654992999996e-07,
    -2.518135506e-08,
    5.473926306e-10
  ],
  [
    -6.792092999999998e-21,
    0.6862506090880603,
    -5.9166589438e-13,
    1.9603301113000004e-11,
    -2.735729313569999e-10,
    -2.799087523857001e-16,
    1.070238466e-15,
    1.0594323926403943e-05,
    -3.8227654992999996e-07,
    -2.518135506e-08,
    5.473926306e-10
  ],
  [
    -6.792092999999998e-21,
    0.7625006767645115,
    -5.9166589438e-13,
    1.9603301113000004e-11,
    -2.735729313569999e-10,
    -2.799087523857001e-16,
    1.070238466e-15,
    1.0594323926403943e-05,
    -3.8227654992999996e-07,
    -2.518135506e-08,
    5.473926306e-10
  ],
  [
    -5.051969999999998e-21,
    0.7625006767645115,
    -5.324993049420001e-13,
    1.9603301113000004e-11,
    -2.735729313569999e-10,
    -2.799087523857001e-16,
    1.070238466e-15,
    1.0594323926403943e-05,
    -3.8227654992999996e-07,
    -2.518135506e-08,
    5.473926306e-10
  ],
  [
    -5.051969999999998e-21,
    0.7625006767645115,
    -5.9166589438e-13,
    1.9603301113000004e-11,
    -2.735729313569999e-10,
    -2.799087523857001e-16,
    9.632146194e-16,
    1.0594323926403943e-05,
    -3.8227654992999996e-07,
    -2.518135506e-08,
    5.473926306e-10
  ],
  [
    -6.792092999999998e-21,
    0.7625006767645115,
    -5.9166589438e-13,
    1.9603301113000004e-11,
    -2.735729313569999e-10,
    -2.799087523857001e-16,
    1.070238466e-15,
    1.0594323926403943e-05,
    -3.8227654992999996e-07,
    -2.518135506e-08,
    5.473926306e-10
  ],
  [
    -6.792092999999998e-21,
    0.7625006767645115,
    -5.9166589438e-13,
    1.9603301113000004e-11,
    -2.735729313569999e-10,
    -2.799087523857001e-16,
    1.070238466e-15,
    1.0594323926403943e-05,
    -3.8227654992999996e-07,
    -2.518135506e-08,
    5.473926306e-10
  ]
]

mutated_population = [
  [
    -6.792092999999998e-21,
    0.6862506090880603,
    -5.9166589438e-13,
    1.9603301113000004e-11,
    -2.735729313569999e-10,
    -2.799087523857001e-16,
    1.070238466e-15,
    1.0594323926403943e-05,
    -3.8227654992999996e-07,
    -2.518135506e-08,
    5.473926306e-10
  ],
  [
    -6.792092999999998e-21,
    0.7625006767645115,
    -5.9166589438e-13,
    1.9603301113000004e-11,
    -2.735729313569999e-10,
    -2.799087523857001e-16,
    1.070238466e-15,
    1.0594323926403943e-05,
    -3.8227654992999996e-07,
    -2.518135506e-08,
    5.473926306e-10
  ],
  [
    -5.051969999999998e-21,
    0.7625006767645115,
    -5.324993049420001e-13,
    1.9603301113000004e-11,
    -2.735729313569999e-10,
    -2.799087523857001e-16,
    9.632146194e-16,
    1.0594323926403943e-05,
    -3.4404889493699994e-07,
    -2.518135506e-08,
    5.473926306e-10
  ],
  [
    -5.051969999999998e-21,
    0.7625006767645115,
    -5.9166589438e-13,
    1.9603301113000004e-11,
    -2.735729313569999e-10,
    -2.799087523857001e-16,
    9.632146194e-16,
    1.0594323926403943e-05,
    -3.8227654992999996e-07,
    -2.518135506e-08,
    5.473926306e-10
  ],
  [
    -6.792092999999998e-21,
    0.7625006767645115,
    -5.9166589438e-13,
    1.9603301113000004e-11,
    -2.735729313569999e-10,
    -2.799087523857001e-16,
    1.070238466e-15,
    1.0594323926403943e-05,
    -3.8227654992999996e-07,
    -2.518135506e-08,
    5.473926306e-10
  ],
  [
    -6.792092999999998e-21,
    0.7625006767645115,
    -5.9166589438e-13,
    1.9603301113000004e-11,
    -2.735729313569999e-10,
    -2.799087523857001e-16,
    1.070238466e-15,
    1.0594323926403943e-05,
    -3.8227654992999996e-07,
    -2.518135506e-08,
    5.473926306e-10
  ],
  [
    -5.051969999999998e-21,
    0.7625006767645115,
    -5.9166589438e-13,
    1.9603301113000004e-11,
    -2.735729313569999e-10,
    -2.799087523857001e-16,
    9.632146194e-16,
    1.0594323926403943e-05,
    -3.8227654992999996e-07,
    -2.518135506e-08,
    4.926533675400001e-10
  ],
  [
    -5.051969999999998e-21,
    0.7625006767645115,
    -5.9166589438e-13,
    1.9603301113000004e-11,
    -2.735729313569999e-10,
    -2.799087523857001e-16,
    9.632146194e-16,
    1.0594323926403943e-05,
    -3.8227654992999996e-07,
    -2.518135506e-08,
    5.473926306e-10
  ],
  [
    -6.792092999999998e-21,
    0.7625006767645115,
    -5.9166589438e-13,
    1.9603301113000004e-11,
    -2.462156382212999e-10,
    -2.799087523857001e-16,
    9.632146194e-16,
    1.0594323926403943e-05,
    -3.8227654992999996e-07,
    -2.518135506e-08,
    5.473926306e-10
  ],
  [   
    -2.2999999999998704e-24, 
    -5.7902200000007175e-15, 
    -9.380078000000016e-15, 
    9.610752999999938e-13, 
    -4.621481299999996e-11, 
    -2.6697699999999722e-17, 
    5.029440600000007e-16, 
    6.323303000000018e-07, 
    -8.772100299999995e-07, 
    -2.1228340000000017e-10, 
    3.28214034e-10
  ]
]