initial_population = [
  [
    -7.471302299999998e-21,
    0.8387507444409626,
    -5.857492354362001e-13,
    1.7642971001700004e-11,
    -3.0093022449269994e-10,
    -2.799087523857001e-16,
    1.070238466e-15,
    1.1653756319044338e-05,
    -4.20504204923e-07,
    -2.518135506e-08,
    4.926533675400001e-10
  ],
  [
    -7.471302299999998e-21,
    0.8387507444409626,
    -5.324993049420001e-13,
    1.7642971001700004e-11,
    -3.0093022449269994e-10,
    -2.799087523857001e-16,
    1.070238466e-15,
    1.1653756319044338e-05,
    -4.20504204923e-07,
    -2.518135506e-08,
    5.473926306e-10
  ],
  [
    -7.471302299999998e-21,
    0.7625006767645115,
    -5.324993049420001e-13,
    1.9603301113000004e-11,
    -3.0093022449269994e-10,
    -2.519178771471301e-16,
    1.1772623126e-15,
    1.0488380687139905e-05,
    -4.20504204923e-07,
    -2.518135506e-08,
    5.473926306e-10
  ],
  [
    -7.471302299999998e-21,
    0.7625006767645115,
    -5.324993049420001e-13,
    1.9603301113000004e-11,
    -3.0093022449269994e-10,
    -2.799087523857001e-16,
    1.070238466e-15,
    1.1653756319044338e-05,
    -4.20504204923e-07,
    -2.518135506e-08,
    5.473926306e-10
  ],
  [
    -7.471302299999998e-21,
    0.7625006767645115,
    -5.324993049420001e-13,
    1.9603301113000004e-11,
    -3.0093022449269994e-10,
    -2.799087523857001e-16,
    1.070238466e-15,
    1.1653756319044338e-05,
    -4.20504204923e-07,
    -2.518135506e-08,
    5.473926306e-10
  ],
  [
    -7.471302299999998e-21,
    0.7625006767645115,
    -5.324993049420001e-13,
    1.9603301113000004e-11,
    -3.0093022449269994e-10,
    -2.799087523857001e-16,
    1.070238466e-15,
    1.1653756319044338e-05,
    -4.20504204923e-07,
    -2.518135506e-08,
    5.473926306e-10
  ],
  [
    -7.471302299999998e-21,
    0.7625006767645115,
    -5.324993049420001e-13,
    1.7642971001700004e-11,
    -3.0093022449269994e-10,
    -2.799087523857001e-16,
    1.070238466e-15,
    1.1653756319044338e-05,
    -4.625546254153e-07,
    -2.518135506e-08,
    5.473926306e-10
  ],
  [
    -7.471302299999998e-21,
    0.7625006767645115,
    -5.324993049420001e-13,
    1.7642971001700004e-11,
    -3.0093022449269994e-10,
    -2.799087523857001e-16,
    1.070238466e-15,
    1.1653756319044338e-05,
    -4.20504204923e-07,
    -2.518135506e-08,
    5.473926306e-10
  ],
  [
    -6.7241720699999985e-21,
    0.8387507444409626,
    -5.324993049420001e-13,
    1.7642971001700004e-11,
    -3.0093022449269994e-10,
    -3.078996276242701e-16,
    1.070238466e-15,
    1.1653756319044338e-05,
    -4.20504204923e-07,
    -2.2663219554e-08,
    5.473926306e-10
  ],
  [
    -7.471302299999998e-21,
    0.8387507444409626,
    -5.324993049420001e-13,
    1.7642971001700004e-11,
    -3.0093022449269994e-10,
    -2.799087523857001e-16,
    1.070238466e-15,
    1.1653756319044338e-05,
    -4.20504204923e-07,
    -2.518135506e-08,
    5.473926306e-10
  ]
]

selected_population = [
  [
    [
      -7.471302299999998e-21,
      0.7625006767645115,
      -5.324993049420001e-13,
      1.9603301113000004e-11,
      -3.0093022449269994e-10,
      -2.799087523857001e-16,
      1.070238466e-15,
      1.1653756319044338e-05,
      -4.20504204923e-07,
      -2.518135506e-08,
      5.473926306e-10
    ],
    [
      -7.471302299999998e-21,
      0.8387507444409626,
      -5.324993049420001e-13,
      1.7642971001700004e-11,
      -3.0093022449269994e-10,
      -2.799087523857001e-16,
      1.070238466e-15,
      1.1653756319044338e-05,
      -4.20504204923e-07,
      -2.518135506e-08,
      5.473926306e-10
    ]
  ],
  [
    [
      -7.471302299999998e-21,
      0.7625006767645115,
      -5.324993049420001e-13,
      1.9603301113000004e-11,
      -3.0093022449269994e-10,
      -2.799087523857001e-16,
      1.070238466e-15,
      1.1653756319044338e-05,
      -4.20504204923e-07,
      -2.518135506e-08,
      5.473926306e-10
    ],
    [
      -7.471302299999998e-21,
      0.7625006767645115,
      -5.324993049420001e-13,
      1.9603301113000004e-11,
      -3.0093022449269994e-10,
      -2.799087523857001e-16,
      1.070238466e-15,
      1.1653756319044338e-05,
      -4.20504204923e-07,
      -2.518135506e-08,
      5.473926306e-10
    ]
  ],
  [
    [
      -7.471302299999998e-21,
      0.7625006767645115,
      -5.324993049420001e-13,
      1.9603301113000004e-11,
      -3.0093022449269994e-10,
      -2.799087523857001e-16,
      1.070238466e-15,
      1.1653756319044338e-05,
      -4.20504204923e-07,
      -2.518135506e-08,
      5.473926306e-10
    ],
    [
      -7.471302299999998e-21,
      0.7625006767645115,
      -5.324993049420001e-13,
      1.9603301113000004e-11,
      -3.0093022449269994e-10,
      -2.799087523857001e-16,
      1.070238466e-15,
      1.1653756319044338e-05,
      -4.20504204923e-07,
      -2.518135506e-08,
      5.473926306e-10
    ]
  ],
  [
    [
      -7.471302299999998e-21,
      0.8387507444409626,
      -5.324993049420001e-13,
      1.7642971001700004e-11,
      -3.0093022449269994e-10,
      -2.799087523857001e-16,
      1.070238466e-15,
      1.1653756319044338e-05,
      -4.20504204923e-07,
      -2.518135506e-08,
      5.473926306e-10
    ],
    [
      -7.471302299999998e-21,
      0.7625006767645115,
      -5.324993049420001e-13,
      1.9603301113000004e-11,
      -3.0093022449269994e-10,
      -2.799087523857001e-16,
      1.070238466e-15,
      1.1653756319044338e-05,
      -4.20504204923e-07,
      -2.518135506e-08,
      5.473926306e-10
    ]
  ],
  [
    [
      -7.471302299999998e-21,
      0.8387507444409626,
      -5.324993049420001e-13,
      1.7642971001700004e-11,
      -3.0093022449269994e-10,
      -2.799087523857001e-16,
      1.070238466e-15,
      1.1653756319044338e-05,
      -4.20504204923e-07,
      -2.518135506e-08,
      5.473926306e-10
    ],
    [
      -7.471302299999998e-21,
      0.7625006767645115,
      -5.324993049420001e-13,
      1.9603301113000004e-11,
      -3.0093022449269994e-10,
      -2.799087523857001e-16,
      1.070238466e-15,
      1.1653756319044338e-05,
      -4.20504204923e-07,
      -2.518135506e-08,
      5.473926306e-10
    ]
  ]
]

crossover_population = [
  [
    -7.471302299999998e-21,
    0.8387507444409626,
    -5.324993049420001e-13,
    1.9603301113000004e-11,
    -3.0093022449269994e-10,
    -2.799087523857001e-16,
    1.070238466e-15,
    1.1653756319044338e-05,
    -4.20504204923e-07,
    -2.518135506e-08,
    5.473926306e-10
  ],
  [
    -7.471302299999998e-21,
    0.8387507444409626,
    -5.324993049420001e-13,
    1.7642971001700004e-11,
    -3.0093022449269994e-10,
    -2.799087523857001e-16,
    1.070238466e-15,
    1.1653756319044338e-05,
    -4.20504204923e-07,
    -2.518135506e-08,
    5.473926306e-10
  ],
  [
    -7.471302299999998e-21,
    0.7625006767645115,
    -5.324993049420001e-13,
    1.9603301113000004e-11,
    -3.0093022449269994e-10,
    -2.799087523857001e-16,
    1.070238466e-15,
    1.1653756319044338e-05,
    -4.20504204923e-07,
    -2.518135506e-08,
    5.473926306e-10
  ],
  [
    -7.471302299999998e-21,
    0.7625006767645115,
    -5.324993049420001e-13,
    1.9603301113000004e-11,
    -3.0093022449269994e-10,
    -2.799087523857001e-16,
    1.070238466e-15,
    1.1653756319044338e-05,
    -4.20504204923e-07,
    -2.518135506e-08,
    5.473926306e-10
  ],
  [
    -7.471302299999998e-21,
    0.7625006767645115,
    -5.324993049420001e-13,
    1.9603301113000004e-11,
    -3.0093022449269994e-10,
    -2.799087523857001e-16,
    1.070238466e-15,
    1.1653756319044338e-05,
    -4.20504204923e-07,
    -2.518135506e-08,
    5.473926306e-10
  ],
  [
    -7.471302299999998e-21,
    0.7625006767645115,
    -5.324993049420001e-13,
    1.9603301113000004e-11,
    -3.0093022449269994e-10,
    -2.799087523857001e-16,
    1.070238466e-15,
    1.1653756319044338e-05,
    -4.20504204923e-07,
    -2.518135506e-08,
    5.473926306e-10
  ],
  [
    -7.471302299999998e-21,
    0.7625006767645115,
    -5.324993049420001e-13,
    1.9603301113000004e-11,
    -3.0093022449269994e-10,
    -2.799087523857001e-16,
    1.070238466e-15,
    1.1653756319044338e-05,
    -4.20504204923e-07,
    -2.518135506e-08,
    5.473926306e-10
  ],
  [
    -7.471302299999998e-21,
    0.7625006767645115,
    -5.324993049420001e-13,
    1.7642971001700004e-11,
    -3.0093022449269994e-10,
    -2.799087523857001e-16,
    1.070238466e-15,
    1.1653756319044338e-05,
    -4.20504204923e-07,
    -2.518135506e-08,
    5.473926306e-10
  ],
  [
    -7.471302299999998e-21,
    0.8387507444409626,
    -5.324993049420001e-13,
    1.9603301113000004e-11,
    -3.0093022449269994e-10,
    -2.799087523857001e-16,
    1.070238466e-15,
    1.1653756319044338e-05,
    -4.20504204923e-07,
    -2.518135506e-08,
    5.473926306e-10
  ],
  [
    -7.471302299999998e-21,
    0.8387507444409626,
    -5.324993049420001e-13,
    1.7642971001700004e-11,
    -3.0093022449269994e-10,
    -2.799087523857001e-16,
    1.070238466e-15,
    1.1653756319044338e-05,
    -4.20504204923e-07,
    -2.518135506e-08,
    5.473926306e-10
  ]
]

mutated_population = [
  [
    -7.471302299999998e-21,
    0.7548756699968664,
    -5.324993049420001e-13,
    1.9407268101870004e-11,
    -3.0093022449269994e-10,
    -2.799087523857001e-16,
    9.632146194e-16,
    1.1653756319044338e-05,
    -4.20504204923e-07,
    -2.7699490565999998e-08,
    4.926533675400001e-10
  ],
  [
    -7.471302299999998e-21,
    0.8387507444409626,
    -5.324993049420001e-13,
    1.7642971001700004e-11,
    -3.0093022449269994e-10,
    -2.799087523857001e-16,
    1.070238466e-15,
    1.1653756319044338e-05,
    -4.20504204923e-07,
    -2.518135506e-08,
    5.473926306e-10
  ],
  [
    -7.471302299999998e-21,
    0.7625006767645115,
    -5.857492354362001e-13,
    1.5878673901530004e-11,
    -3.0093022449269994e-10,
    -2.799087523857001e-16,
    1.070238466e-15,
    1.1653756319044338e-05,
    -4.625546254153e-07,
    -2.518135506e-08,
    5.473926306e-10
  ],
  [
    -7.471302299999998e-21,
    0.7625006767645115,
    -5.324993049420001e-13,
    1.7642971001700004e-11,
    -3.0093022449269994e-10,
    -2.799087523857001e-16,
    1.070238466e-15,
    1.1653756319044338e-05,
    -4.20504204923e-07,
    -2.518135506e-08,
    5.473926306e-10
  ],
  [
    -7.471302299999998e-21,
    0.7625006767645115,
    -5.324993049420001e-13,
    1.9603301113000004e-11,
    -3.0093022449269994e-10,
    -2.799087523857001e-16,
    1.070238466e-15,
    1.1653756319044338e-05,
    -4.20504204923e-07,
    -2.518135506e-08,
    5.473926306e-10
  ],
  [
    -6.399999999999991e-23, 
    -1.1579902200000005e-12, 
    -2.398007800000002e-14, 
    1.9201075300000003e-11, 
    -1.721481300000001e-11, 
    -8.566976999999997e-16, 
    5.929440600000001e-16, 
    7.642330299999998e-06, 
    -1.7472100299999997e-06, 
    -7.579283400000002e-09, 
    8.082140339999999e-10
  ],
  [
    -7.471302299999998e-21,
    0.7625006767645115,
    -5.324993049420001e-13,
    1.7642971001700004e-11,
    -3.0093022449269994e-10,
    -2.799087523857001e-16,
    1.070238466e-15,
    1.1653756319044338e-05,
    -4.20504204923e-07,
    -2.518135506e-08,
    5.473926306e-10
  ],
  [
    -7.471302299999998e-21,
    0.7625006767645115,
    -5.324993049420001e-13,
    1.7642971001700004e-11,
    -3.0093022449269994e-10,
    -2.799087523857001e-16,
    1.070238466e-15,
    1.1653756319044338e-05,
    -4.20504204923e-07,
    -2.518135506e-08,
    5.473926306e-10
  ],
  [
    -7.471302299999998e-21,
    0.8387507444409626,
    -5.324993049420001e-13,
    1.5878673901530004e-11,
    -3.0093022449269994e-10,
    -2.799087523857001e-16,
    1.070238466e-15,
    1.1653756319044338e-05,
    -4.20504204923e-07,
    -2.518135506e-08,
    5.473926306e-10
  ],
  [
    -7.471302299999998e-21,
    0.8387507444409626,
    -5.324993049420001e-13,
    1.7642971001700004e-11,
    -3.0093022449269994e-10,
    -2.799087523857001e-16,
    1.070238466e-15,
    1.1653756319044338e-05,
    -4.20504204923e-07,
    -2.518135506e-08,
    5.473926306e-10
  ]
]