initial_population = [
  [
    -5.051969999999998e-21,
    0.7625006767645115,
    -5.9166589438e-13,
    1.9603301113000004e-11,
    -2.735729313569999e-10,
    -2.799087523857001e-16,
    1.070238466e-15,
    1.0594323926403943e-05,
    -3.8227654992999996e-07,
    -2.518135506e-08,
    5.473926306e-10
  ],
  [
    -5.051969999999998e-21,
    0.7625006767645115,
    -5.9166589438e-13,
    1.9603301113000004e-11,
    -2.735729313569999e-10,
    -2.799087523857001e-16,
    1.070238466e-15,
    1.0594323926403943e-05,
    -3.8227654992999996e-07,
    -2.518135506e-08,
    5.473926306e-10
  ],
  [
    -5.051969999999998e-21,
    0.7625006767645115,
    -5.9166589438e-13,
    1.9603301113000004e-11,
    -2.735729313569999e-10,
    -2.799087523857001e-16,
    1.070238466e-15,
    1.0594323926403943e-05,
    -3.8227654992999996e-07,
    -2.518135506e-08,
    5.473926306e-10
  ],
  [
    -5.051969999999998e-21,
    0.7625006767645115,
    -5.9166589438e-13,
    1.9603301113000004e-11,
    -2.735729313569999e-10,
    -2.799087523857001e-16,
    1.070238466e-15,
    1.0594323926403943e-05,
    -3.8227654992999996e-07,
    -2.518135506e-08,
    5.473926306e-10
  ],
  [
    -6.792092999999998e-21,
    0.7625006767645115,
    -5.324993049420001e-13,
    1.9603301113000004e-11,
    -2.735729313569999e-10,
    -2.799087523857001e-16,
    1.05953608134e-15,
    1.0594323926403943e-05,
    -4.20504204923e-07,
    -2.518135506e-08,
    5.473926306e-10
  ],
  [
    -6.792092999999998e-21,
    0.7625006767645115,
    -5.9166589438e-13,
    1.9603301113000004e-11,
    -2.735729313569999e-10,
    -2.799087523857001e-16,
    9.632146194e-16,
    1.0594323926403943e-05,
    -3.8227654992999996e-07,
    -2.518135506e-08,
    5.473926306e-10
  ],
  [
    -6.792092999999998e-21,
    0.7625006767645115,
    -5.9166589438e-13,
    1.9603301113000004e-11,
    -3.0093022449269994e-10,
    -2.799087523857001e-16,
    1.070238466e-15,
    1.0594323926403943e-05,
    -3.8227654992999996e-07,
    -2.518135506e-08,
    5.473926306e-10
  ],
  [
    -6.792092999999998e-21,
    0.7625006767645115,
    -5.9166589438e-13,
    1.9603301113000004e-11,
    -2.735729313569999e-10,
    -2.799087523857001e-16,
    1.070238466e-15,
    1.0594323926403943e-05,
    -3.8227654992999996e-07,
    -2.518135506e-08,
    5.473926306e-10
  ],
  [
    -6.792092999999998e-21,
    0.7625006767645115,
    -5.9166589438e-13,
    1.9603301113000004e-11,
    -2.735729313569999e-10,
    -2.799087523857001e-16,
    1.070238466e-15,
    1.0594323926403943e-05,
    -3.8227654992999996e-07,
    -2.518135506e-08,
    5.473926306e-10
  ],
  [
    -6.792092999999998e-21,
    0.7625006767645115,
    -5.9166589438e-13,
    1.9603301113000004e-11,
    -2.735729313569999e-10,
    -2.799087523857001e-16,
    1.070238466e-15,
    1.0594323926403943e-05,
    -3.8227654992999996e-07,
    -2.518135506e-08,
    5.473926306e-10
  ]
]

selected_population = [
  [
    [
      -6.792092999999998e-21,
      0.7625006767645115,
      -5.324993049420001e-13,
      1.9603301113000004e-11,
      -2.735729313569999e-10,
      -2.799087523857001e-16,
      1.05953608134e-15,
      1.0594323926403943e-05,
      -4.20504204923e-07,
      -2.518135506e-08,
      5.473926306e-10
    ],
    [
      -6.792092999999998e-21,
      0.7625006767645115,
      -5.9166589438e-13,
      1.9603301113000004e-11,
      -3.0093022449269994e-10,
      -2.799087523857001e-16,
      1.070238466e-15,
      1.0594323926403943e-05,
      -3.8227654992999996e-07,
      -2.518135506e-08,
      5.473926306e-10
    ]
  ],
  [
    [
      -6.792092999999998e-21,
      0.7625006767645115,
      -5.324993049420001e-13,
      1.9603301113000004e-11,
      -2.735729313569999e-10,
      -2.799087523857001e-16,
      1.05953608134e-15,
      1.0594323926403943e-05,
      -4.20504204923e-07,
      -2.518135506e-08,
      5.473926306e-10
    ],
    [
      -5.051969999999998e-21,
      0.7625006767645115,
      -5.9166589438e-13,
      1.9603301113000004e-11,
      -2.735729313569999e-10,
      -2.799087523857001e-16,
      1.070238466e-15,
      1.0594323926403943e-05,
      -3.8227654992999996e-07,
      -2.518135506e-08,
      5.473926306e-10
    ]
  ],
  [
    [
      -6.792092999999998e-21,
      0.7625006767645115,
      -5.324993049420001e-13,
      1.9603301113000004e-11,
      -2.735729313569999e-10,
      -2.799087523857001e-16,
      1.05953608134e-15,
      1.0594323926403943e-05,
      -4.20504204923e-07,
      -2.518135506e-08,
      5.473926306e-10
    ],
    [
      -5.051969999999998e-21,
      0.7625006767645115,
      -5.9166589438e-13,
      1.9603301113000004e-11,
      -2.735729313569999e-10,
      -2.799087523857001e-16,
      1.070238466e-15,
      1.0594323926403943e-05,
      -3.8227654992999996e-07,
      -2.518135506e-08,
      5.473926306e-10
    ]
  ],
  [
    [
      -6.792092999999998e-21,
      0.7625006767645115,
      -5.9166589438e-13,
      1.9603301113000004e-11,
      -3.0093022449269994e-10,
      -2.799087523857001e-16,
      1.070238466e-15,
      1.0594323926403943e-05,
      -3.8227654992999996e-07,
      -2.518135506e-08,
      5.473926306e-10
    ],
    [
      -5.051969999999998e-21,
      0.7625006767645115,
      -5.9166589438e-13,
      1.9603301113000004e-11,
      -2.735729313569999e-10,
      -2.799087523857001e-16,
      1.070238466e-15,
      1.0594323926403943e-05,
      -3.8227654992999996e-07,
      -2.518135506e-08,
      5.473926306e-10
    ]
  ],
  [
    [
      -6.792092999999998e-21,
      0.7625006767645115,
      -5.9166589438e-13,
      1.9603301113000004e-11,
      -3.0093022449269994e-10,
      -2.799087523857001e-16,
      1.070238466e-15,
      1.0594323926403943e-05,
      -3.8227654992999996e-07,
      -2.518135506e-08,
      5.473926306e-10
    ],
    [
      -5.051969999999998e-21,
      0.7625006767645115,
      -5.9166589438e-13,
      1.9603301113000004e-11,
      -2.735729313569999e-10,
      -2.799087523857001e-16,
      1.070238466e-15,
      1.0594323926403943e-05,
      -3.8227654992999996e-07,
      -2.518135506e-08,
      5.473926306e-10
    ]
  ]
]

crossover_population =[
  [
    -6.792092999999998e-21,
    0.7625006767645115,
    -5.9166589438e-13,
    1.9603301113000004e-11,
    -2.735729313569999e-10,
    -2.799087523857001e-16,
    1.070238466e-15,
    1.0594323926403943e-05,
    -3.8227654992999996e-07,
    -2.518135506e-08,
    5.473926306e-10
  ],
  [
    -6.792092999999998e-21,
    0.7625006767645115,
    -5.9166589438e-13,
    1.9603301113000004e-11,
    -2.735729313569999e-10,
    -2.799087523857001e-16,
    1.05953608134e-15,
    1.0594323926403943e-05,
    -3.8227654992999996e-07,
    -2.518135506e-08,
    5.473926306e-10
  ],
  [
    -6.792092999999998e-21,
    0.7625006767645115,
    -5.324993049420001e-13,
    1.9603301113000004e-11,
    -2.735729313569999e-10,
    -2.799087523857001e-16,
    1.05953608134e-15,
    1.0594323926403943e-05,
    -4.20504204923e-07,
    -2.518135506e-08,
    5.473926306e-10
  ],
  [
    -5.051969999999998e-21,
    0.7625006767645115,
    -5.324993049420001e-13,
    1.9603301113000004e-11,
    -2.735729313569999e-10,
    -2.799087523857001e-16,
    1.070238466e-15,
    1.0594323926403943e-05,
    -4.20504204923e-07,
    -2.518135506e-08,
    5.473926306e-10
  ],
  [
    -6.792092999999998e-21,
    0.7625006767645115,
    -5.324993049420001e-13,
    1.9603301113000004e-11,
    -2.735729313569999e-10,
    -2.799087523857001e-16,
    1.05953608134e-15,
    1.0594323926403943e-05,
    -4.20504204923e-07,
    -2.518135506e-08,
    5.473926306e-10
  ],
  [
    -5.051969999999998e-21,
    0.7625006767645115,
    -5.324993049420001e-13,
    1.9603301113000004e-11,
    -2.735729313569999e-10,
    -2.799087523857001e-16,
    1.070238466e-15,
    1.0594323926403943e-05,
    -4.20504204923e-07,
    -2.518135506e-08,
    5.473926306e-10
  ],
  [
    -6.792092999999998e-21,
    0.7625006767645115,
    -5.9166589438e-13,
    1.9603301113000004e-11,
    -3.0093022449269994e-10,
    -2.799087523857001e-16,
    1.070238466e-15,
    1.0594323926403943e-05,
    -3.8227654992999996e-07,
    -2.518135506e-08,
    5.473926306e-10
  ],
  [
    -6.792092999999998e-21,
    0.7625006767645115,
    -5.9166589438e-13,
    1.9603301113000004e-11,
    -2.735729313569999e-10,
    -2.799087523857001e-16,
    1.070238466e-15,
    1.0594323926403943e-05,
    -3.8227654992999996e-07,
    -2.518135506e-08,
    5.473926306e-10
  ],
  [
    -6.792092999999998e-21,
    0.7625006767645115,
    -5.9166589438e-13,
    1.9603301113000004e-11,
    -2.735729313569999e-10,
    -2.799087523857001e-16,
    1.070238466e-15,
    1.0594323926403943e-05,
    -3.8227654992999996e-07,
    -2.518135506e-08,
    5.473926306e-10
  ],
  [
    -6.792092999999998e-21,
    0.7625006767645115,
    -5.9166589438e-13,
    1.9603301113000004e-11,
    -3.0093022449269994e-10,
    -2.799087523857001e-16,
    1.070238466e-15,
    1.0594323926403943e-05,
    -3.8227654992999996e-07,
    -2.518135506e-08,
    5.473926306e-10
  ]
]

mutated_population = [
  [
    -7.471302299999998e-21,
    0.7625006767645115,
    -5.324993049420001e-13,
    1.9603301113000004e-11,
    -3.0093022449269994e-10,
    -2.799087523857001e-16,
    1.070238466e-15,
    1.0594323926403943e-05,
    -4.20504204923e-07,
    -2.518135506e-08,
    5.473926306e-10
  ],
  [
    -7.471302299999998e-21,
    0.7625006767645115,
    -5.324993049420001e-13,
    1.9603301113000004e-11,
    -3.0093022449269994e-10,
    -2.799087523857001e-16,
    1.070238466e-15,
    1.0594323926403943e-05,
    -4.20504204923e-07,
    -2.518135506e-08,
    5.473926306e-10
  ],
  [
    -5.051969999999998e-21,
    0.7625006767645115,
    -5.324993049420001e-13,
    1.9603301113000004e-11,
    -3.0093022449269994e-10,
    -2.799087523857001e-16,
    1.070238466e-15,
    1.0594323926403943e-05,
    -4.20504204923e-07,
    -2.518135506e-08,
    5.473926306e-10
  ],
  [
    -5.051969999999998e-21,
    0.7625006767645115,
    -5.9166589438e-13,
    1.9603301113000004e-11,
    -2.735729313569999e-10,
    -2.799087523857001e-16,
    1.070238466e-15,
    1.0594323926403943e-05,
    -4.20504204923e-07,
    -2.518135506e-08,
    5.473926306e-10
  ],
  [
    -5.557166999999998e-21,
    0.7625006767645115,
    -5.324993049420001e-13,
    1.7642971001700004e-11,
    -2.708372020434299e-10,
    -2.799087523857001e-16,
    1.070238466e-15,
    1.0594323926403943e-05,
    -4.20504204923e-07,
    -2.7699490565999998e-08,
    5.473926306e-10
  ],
  [
    -5.051969999999998e-21,
    0.7625006767645115,
    -5.324993049420001e-13,
    1.7642971001700004e-11,
    -3.0093022449269994e-10,
    -2.799087523857001e-16,
    1.070238466e-15,
    1.0594323926403943e-05,
    -4.20504204923e-07,
    -2.518135506e-08,
    5.473926306e-10
  ],
  [
    -3.999999999999991e-23, 
    -8.879902200000005e-13, 
    -4.4980078000000025e-14, 
    9.7010753e-12, 
    -8.1214813e-11, 
    -7.466976999999996e-16, 
    6.5294406e-16, 
    6.742330299999999e-06, 
    -9.9721003e-07, 
    -3.979283400000002e-09, 
    4.082140339999997e-10
  ],
  [
    -5.051969999999998e-21,
    0.7625006767645115,
    -5.324993049420001e-13,
    1.9603301113000004e-11,
    -2.735729313569999e-10,
    -2.799087523857001e-16,
    1.070238466e-15,
    1.0594323926403943e-05,
    -4.20504204923e-07,
    -2.518135506e-08,
    5.473926306e-10
  ],
  [
    -5.051969999999998e-21,
    0.6862506090880603,
    -5.324993049420001e-13,
    1.9603301113000004e-11,
    -2.735729313569999e-10,
    -2.799087523857001e-16,
    1.1772623126e-15,
    1.0594323926403943e-05,
    -4.20504204923e-07,
    -2.518135506e-08,
    6.0213189366e-10
  ],
  [
    -5.051969999999998e-21,
    0.6862506090880603,
    -5.324993049420001e-13,
    1.9603301113000004e-11,
    -2.735729313569999e-10,
    -2.799087523857001e-16,
    1.070238466e-15,
    1.0594323926403943e-05,
    -4.20504204923e-07,
    -2.518135506e-08,
    5.473926306e-10
  ]
]