initial_population = [
  [
    -7.471302299999998e-21,
    0.6862506090880603,
    -5.324993049420001e-13,
    1.9603301113000004e-11,
    -3.0093022449269994e-10,
    -2.799087523857001e-16,
    1.05953608134e-15,
    1.0594323926403943e-05,
    -4.20504204923e-07,
    -2.518135506e-08,
    4.926533675400001e-10
  ],
  [
    -7.471302299999998e-21,
    0.7625006767645115,
    -5.324993049420001e-13,
    1.9603301113000004e-11,
    -3.0093022449269994e-10,
    -2.799087523857001e-16,
    9.632146194e-16,
    1.0594323926403943e-05,
    -4.20504204923e-07,
    -2.518135506e-08,
    5.473926306e-10
  ],
  [
    -6.7241720699999985e-21,
    0.7625006767645115,
    -5.324993049420001e-13,
    1.9603301113000004e-11,
    -2.708372020434299e-10,
    -2.799087523857001e-16,
    1.070238466e-15,
    1.0594323926403943e-05,
    -4.20504204923e-07,
    -2.518135506e-08,
    4.926533675400001e-10
  ],
  [
    -7.471302299999998e-21,
    0.7625006767645115,
    -5.324993049420001e-13,
    1.9603301113000004e-11,
    -3.0093022449269994e-10,
    -2.799087523857001e-16,
    1.070238466e-15,
    1.0594323926403943e-05,
    -4.20504204923e-07,
    -2.518135506e-08,
    5.473926306e-10
  ],
  [
    -7.471302299999998e-21,
    0.7625006767645115,
    -5.324993049420001e-13,
    1.9603301113000004e-11,
    -3.3102324694196995e-10,
    -2.799087523857001e-16,
    1.070238466e-15,
    1.0594323926403943e-05,
    -4.625546254153e-07,
    -2.7699490565999998e-08,
    5.473926306e-10
  ],
  [
    -7.471302299999998e-21,
    0.7625006767645115,
    -5.324993049420001e-13,
    1.9603301113000004e-11,
    -3.3102324694196995e-10,
    -2.799087523857001e-16,
    1.070238466e-15,
    1.0594323926403943e-05,
    -4.20504204923e-07,
    -2.518135506e-08,
    5.473926306e-10
  ],
  [
    -7.471302299999998e-21,
    0.7625006767645115,
    -5.857492354362001e-13,
    1.9603301113000004e-11,
    -3.0093022449269994e-10,
    -2.519178771471301e-16,
    1.05953608134e-15,
    1.0594323926403943e-05,
    -3.7845378443069997e-07,
    -2.518135506e-08,
    5.473926306e-10
  ],
  [
    -7.471302299999998e-21,
    0.7625006767645115,
    -5.324993049420001e-13,
    1.9603301113000004e-11,
    -3.0093022449269994e-10,
    -2.519178771471301e-16,
    9.632146194e-16,
    1.0594323926403943e-05,
    -4.20504204923e-07,
    -2.518135506e-08,
    5.473926306e-10
  ],
  [
    -7.471302299999998e-21,
    0.7625006767645115,
    -5.324993049420001e-13,
    1.7642971001700004e-11,
    -3.0093022449269994e-10,
    -2.799087523857001e-16,
    9.632146194e-16,
    1.0594323926403943e-05,
    -4.20504204923e-07,
    -2.518135506e-08,
    5.473926306e-10
  ],
  [
    -7.471302299999998e-21,
    0.7625006767645115,
    -5.324993049420001e-13,
    1.9603301113000004e-11,
    -3.0093022449269994e-10,
    -2.799087523857001e-16,
    9.632146194e-16,
    1.0594323926403943e-05,
    -4.20504204923e-07,
    -2.518135506e-08,
    5.473926306e-10
  ]
]

selected_population = [
  [
    [
      -7.471302299999998e-21,
      0.7625006767645115,
      -5.324993049420001e-13,
      1.9603301113000004e-11,
      -3.3102324694196995e-10,
      -2.799087523857001e-16,
      1.070238466e-15,
      1.0594323926403943e-05,
      -4.20504204923e-07,
      -2.518135506e-08,
      5.473926306e-10
    ],
    [
      -7.471302299999998e-21,
      0.7625006767645115,
      -5.324993049420001e-13,
      1.9603301113000004e-11,
      -3.0093022449269994e-10,
      -2.519178771471301e-16,
      9.632146194e-16,
      1.0594323926403943e-05,
      -4.20504204923e-07,
      -2.518135506e-08,
      5.473926306e-10
    ]
  ],
  [
    [
      -7.471302299999998e-21,
      0.7625006767645115,
      -5.324993049420001e-13,
      1.9603301113000004e-11,
      -3.3102324694196995e-10,
      -2.799087523857001e-16,
      1.070238466e-15,
      1.0594323926403943e-05,
      -4.20504204923e-07,
      -2.518135506e-08,
      5.473926306e-10
    ],
    [
      -7.471302299999998e-21,
      0.7625006767645115,
      -5.324993049420001e-13,
      1.9603301113000004e-11,
      -3.0093022449269994e-10,
      -2.799087523857001e-16,
      1.070238466e-15,
      1.0594323926403943e-05,
      -4.20504204923e-07,
      -2.518135506e-08,
      5.473926306e-10
    ]
  ],
  [
    [
      -7.471302299999998e-21,
      0.7625006767645115,
      -5.324993049420001e-13,
      1.9603301113000004e-11,
      -3.3102324694196995e-10,
      -2.799087523857001e-16,
      1.070238466e-15,
      1.0594323926403943e-05,
      -4.20504204923e-07,
      -2.518135506e-08,
      5.473926306e-10
    ],
    [
      -7.471302299999998e-21,
      0.7625006767645115,
      -5.324993049420001e-13,
      1.9603301113000004e-11,
      -3.0093022449269994e-10,
      -2.799087523857001e-16,
      1.070238466e-15,
      1.0594323926403943e-05,
      -4.20504204923e-07,
      -2.518135506e-08,
      5.473926306e-10
    ]
  ],
  [
    [
      -7.471302299999998e-21,
      0.7625006767645115,
      -5.324993049420001e-13,
      1.9603301113000004e-11,
      -3.0093022449269994e-10,
      -2.519178771471301e-16,
      9.632146194e-16,
      1.0594323926403943e-05,
      -4.20504204923e-07,
      -2.518135506e-08,
      5.473926306e-10
    ],
    [
      -7.471302299999998e-21,
      0.7625006767645115,
      -5.324993049420001e-13,
      1.9603301113000004e-11,
      -3.0093022449269994e-10,
      -2.799087523857001e-16,
      1.070238466e-15,
      1.0594323926403943e-05,
      -4.20504204923e-07,
      -2.518135506e-08,
      5.473926306e-10
    ]
  ],
  [
    [
      -7.471302299999998e-21,
      0.7625006767645115,
      -5.324993049420001e-13,
      1.9603301113000004e-11,
      -3.0093022449269994e-10,
      -2.519178771471301e-16,
      9.632146194e-16,
      1.0594323926403943e-05,
      -4.20504204923e-07,
      -2.518135506e-08,
      5.473926306e-10
    ],
    [
      -7.471302299999998e-21,
      0.7625006767645115,
      -5.324993049420001e-13,
      1.9603301113000004e-11,
      -3.0093022449269994e-10,
      -2.799087523857001e-16,
      1.070238466e-15,
      1.0594323926403943e-05,
      -4.20504204923e-07,
      -2.518135506e-08,
      5.473926306e-10
    ]
  ]
]

crossover_population =[
  [
    -7.471302299999998e-21,
    0.7625006767645115,
    -5.324993049420001e-13,
    1.9603301113000004e-11,
    -3.0093022449269994e-10,
    -2.799087523857001e-16,
    1.070238466e-15,
    1.0594323926403943e-05,
    -4.20504204923e-07,
    -2.518135506e-08,
    5.473926306e-10
  ],
  [
    -7.471302299999998e-21,
    0.7625006767645115,
    -5.324993049420001e-13,
    1.9603301113000004e-11,
    -3.0093022449269994e-10,
    -2.799087523857001e-16,
    9.632146194e-16,
    1.0594323926403943e-05,
    -4.20504204923e-07,
    -2.518135506e-08,
    5.473926306e-10
  ],
  [
    -7.471302299999998e-21,
    0.7625006767645115,
    -5.324993049420001e-13,
    1.9603301113000004e-11,
    -3.0093022449269994e-10,
    -2.799087523857001e-16,
    1.070238466e-15,
    1.0594323926403943e-05,
    -4.20504204923e-07,
    -2.518135506e-08,
    5.473926306e-10
  ],
  [
    -7.471302299999998e-21,
    0.7625006767645115,
    -5.324993049420001e-13,
    1.9603301113000004e-11,
    -3.0093022449269994e-10,
    -2.799087523857001e-16,
    1.070238466e-15,
    1.0594323926403943e-05,
    -4.20504204923e-07,
    -2.518135506e-08,
    5.473926306e-10
  ],
  [
    -7.471302299999998e-21,
    0.7625006767645115,
    -5.324993049420001e-13,
    1.9603301113000004e-11,
    -3.3102324694196995e-10,
    -2.799087523857001e-16,
    1.070238466e-15,
    1.0594323926403943e-05,
    -4.20504204923e-07,
    -2.518135506e-08,
    5.473926306e-10
  ],
  [
    -7.471302299999998e-21,
    0.7625006767645115,
    -5.324993049420001e-13,
    1.9603301113000004e-11,
    -3.3102324694196995e-10,
    -2.799087523857001e-16,
    1.070238466e-15,
    1.0594323926403943e-05,
    -4.20504204923e-07,
    -2.518135506e-08,
    5.473926306e-10
  ],
  [
    -7.471302299999998e-21,
    0.7625006767645115,
    -5.324993049420001e-13,
    1.9603301113000004e-11,
    -3.0093022449269994e-10,
    -2.519178771471301e-16,
    1.070238466e-15,
    1.0594323926403943e-05,
    -4.20504204923e-07,
    -2.518135506e-08,
    5.473926306e-10
  ],
  [
    -7.471302299999998e-21,
    0.7625006767645115,
    -5.324993049420001e-13,
    1.9603301113000004e-11,
    -3.0093022449269994e-10,
    -2.519178771471301e-16,
    9.632146194e-16,
    1.0594323926403943e-05,
    -4.20504204923e-07,
    -2.518135506e-08,
    5.473926306e-10
  ],
  [
    -7.471302299999998e-21,
    0.7625006767645115,
    -5.324993049420001e-13,
    1.9603301113000004e-11,
    -3.0093022449269994e-10,
    -2.799087523857001e-16,
    1.070238466e-15,
    1.0594323926403943e-05,
    -4.20504204923e-07,
    -2.518135506e-08,
    5.473926306e-10
  ],
  [
    -7.471302299999998e-21,
    0.7625006767645115,
    -5.324993049420001e-13,
    1.9603301113000004e-11,
    -3.0093022449269994e-10,
    -2.799087523857001e-16,
    9.632146194e-16,
    1.0594323926403943e-05,
    -4.20504204923e-07,
    -2.518135506e-08,
    5.473926306e-10
  ]
]

mutated_population = [
  [
    -6.7241720699999985e-21,
    0.7625006767645115,
    -5.324993049420001e-13,
    1.9603301113000004e-11,
    -3.0093022449269994e-10,
    -2.799087523857001e-16,
    9.632146194e-16,
    1.0594323926403943e-05,
    -4.20504204923e-07,
    -2.518135506e-08,
    5.473926306e-10
  ],
  [
    -7.471302299999998e-21,
    0.7625006767645115,
    -5.324993049420001e-13,
    1.9603301113000004e-11,
    -3.0093022449269994e-10,
    -2.799087523857001e-16,
    9.632146194e-16,
    1.0594323926403943e-05,
    -4.20504204923e-07,
    -2.518135506e-08,
    5.473926306e-10
  ],
  [
    -7.471302299999998e-21,
    0.7625006767645115,
    -4.792493744478e-13,
    1.9603301113000004e-11,
    -3.3102324694196995e-10,
    -2.799087523857001e-16,
    8.6689315746e-16,
    9.534891533763549e-06,
    -4.20504204923e-07,
    -2.7699490565999998e-08,
    5.473926306e-10
  ],
  [
    -7.471302299999998e-21,
    0.7625006767645115,
    -5.324993049420001e-13,
    1.9603301113000004e-11,
    -3.0093022449269994e-10,
    -2.799087523857001e-16,
    9.632146194e-16,
    1.0594323926403943e-05,
    -4.20504204923e-07,
    -2.518135506e-08,
    5.473926306e-10
  ],
  [
    -7.471302299999998e-21,
    0.6862506090880603,
    -5.324993049420001e-13,
    1.9603301113000004e-11,
    -3.0093022449269994e-10,
    -2.799087523857001e-16,
    1.070238466e-15,
    1.1653756319044338e-05,
    -4.20504204923e-07,
    -2.518135506e-08,
    5.473926306e-10
  ],
  [
    -7.471302299999998e-21,
    0.7625006767645115,
    -5.324993049420001e-13,
    1.9603301113000004e-11,
    -3.0093022449269994e-10,
    -2.799087523857001e-16,
    1.070238466e-15,
    1.0594323926403943e-05,
    -4.20504204923e-07,
    -2.518135506e-08,
    5.473926306e-10
  ],
  [
    -7.471302299999998e-21,
    0.7625006767645115,
    -5.324993049420001e-13,
    1.9603301113000004e-11,
    -3.0093022449269994e-10,
    -2.519178771471301e-16,
    9.632146194e-16,
    1.1653756319044338e-05,
    -4.20504204923e-07,
    -2.7699490565999998e-08,
    5.473926306e-10
  ],
  [
    -7.471302299999998e-21,
    0.7625006767645115,
    -5.324993049420001e-13,
    1.9603301113000004e-11,
    -3.0093022449269994e-10,
    -2.519178771471301e-16,
    9.632146194e-16,
    1.0594323926403943e-05,
    -4.20504204923e-07,
    -2.518135506e-08,
    5.473926306e-10
  ],
  [
    -7.099999999999873e-24, 
    -2.4990220000000714e-14, 
    -3.34980078e-13, 
    5.740107529999999e-11, 
    -5.7214812999999995e-11, 
    -4.3669770000000024e-16, 
    6.894405999999993e-17, 
    5.642330299999999e-06, 
    -9.572100299999997e-07, 
    -9.692833999999998e-10, 
    3.28214034e-10
  ]
  [
    -7.471302299999998e-21,
    0.7625006767645115,
    -5.324993049420001e-13,
    1.9603301113000004e-11,
    -3.0093022449269994e-10,
    -2.799087523857001e-16,
    1.070238466e-15,
    1.0594323926403943e-05,
    -4.20504204923e-07,
    -2.518135506e-08,
    5.473926306e-10
  ]
]